# OBJ 
v -9.65926 2.58819 10.25 
v -9.65926 -2.58819 10.25 
v -10 1.22461e-015 10.25 
v -8.66025 -5 10.25 
v -8.66025 5 10.25 
v -7.07107 -7.07107 10.25 
v -7.07107 7.07107 10.25 
v -5 -8.66025 10.25 
v -5 8.66025 10.25 
v -2.58819 -9.65926 10.25 
v -2.58819 9.65926 10.25 
v -1.83187e-015 -10 10.25 
v 6.66134e-016 10 10.25 
v 2.58819 -9.65926 10.25 
v 2.58819 9.65926 10.25 
v 5 -8.66025 10.25 
v 5 8.66025 10.25 
v 7.07107 -7.07107 10.25 
v 7.07107 7.07107 10.25 
v 8.66025 -5 10.25 
v 8.66025 5 10.25 
v 9.65926 -2.58819 10.25 
v 9.65926 2.58819 10.25 
v 10 0 10.25 
v 0.154138 -0.194819 177 
v 0.154138 -0.177625 177 
v 0.153007 -0.186222 177 
v 0.157457 -0.202829 177 
v 0.157457 -0.169614 177 
v 0.162735 -0.209709 177 
v 0.162735 -0.162735 177 
v 0.169614 -0.214987 177 
v 0.169614 -0.157457 177 
v 0.177625 -0.218305 177 
v 0.177625 -0.154138 177 
v 0.186222 -0.219437 177 
v 0.186222 -0.153007 177 
v 0.194819 -0.218305 177 
v 0.194819 -0.154138 177 
v 0.202829 -0.214987 177 
v 0.202829 -0.157457 177 
v 0.209709 -0.209709 177 
v 0.209709 -0.162735 177 
v 0.214987 -0.202829 177 
v 0.214987 -0.169614 177 
v 0.218305 -0.194819 177 
v 0.218305 -0.177625 177 
v 0.219437 -0.186222 177 
v -9.65926 -2.58819 130.25 
v -9.65926 2.58819 130.25 
v -10 1.22461e-015 130.25 
v -8.66025 -5 130.25 
v -8.66025 5 130.25 
v -7.07107 -7.07107 130.25 
v -7.07107 7.07107 130.25 
v -5 -8.66025 130.25 
v -5 8.66025 130.25 
v -2.58819 -9.65926 130.25 
v -2.58819 9.65926 130.25 
v -1.83187e-015 -10 130.25 
v 6.66134e-016 10 130.25 
v 2.58819 -9.65926 130.25 
v 2.58819 9.65926 130.25 
v 5 -8.66025 130.25 
v 5 8.66025 130.25 
v 7.07107 -7.07107 130.25 
v 7.07107 7.07107 130.25 
v 8.66025 -5 130.25 
v 8.66025 5 130.25 
v 9.65926 -2.58819 130.25 
v 9.65926 2.58819 130.25 
v 10 0 130.25 
v 9.94067 -5.08975 8.42673 
v 129.941 -2.67794 9.42573 
v 9.94067 -2.67794 9.42573 
v 129.941 -5.08975 8.42673 
v 129.941 -0.089746 9.76647 
v 9.94067 -0.089746 9.76647 
v 9.94067 -9.749 2.35466 
v 9.94067 -9.749 -2.82172 
v 9.94067 -10.0897 -0.233526 
v 9.94067 -8.75 -5.23353 
v 9.94067 -8.75 4.76647 
v 9.94067 -7.16081 -7.30459 
v 9.94067 -7.16081 6.83754 
v 9.94067 -5.08975 -8.89378 
v 9.94067 -2.67794 -9.89278 
v 9.94067 -0.089746 -10.2335 
v 9.94067 2.49844 9.42573 
v 9.94067 2.49844 -9.89278 
v 9.94067 4.91025 -8.89378 
v 9.94067 4.91025 8.42673 
v 9.94067 6.98132 -7.30459 
v 9.94067 6.98132 6.83754 
v 9.94067 8.57051 4.76647 
v 9.94067 8.57051 -5.23353 
v 9.94067 9.56951 2.35466 
v 9.94067 9.56951 -2.82172 
v 9.94067 9.91025 -0.233526 
v 129.941 4.91025 8.42673 
v 129.941 6.98132 6.83754 
v 129.941 2.49844 9.42573 
v 129.941 -7.16081 6.83754 
v 129.941 8.57051 4.76647 
v 129.941 9.56951 2.35466 
v 129.941 9.91025 -0.233526 
v 129.941 9.56951 -2.82172 
v 129.941 2.49844 -9.89278 
v 129.941 -0.089746 -10.2335 
v 129.941 -2.67794 -9.89278 
v 129.941 -5.08975 -8.89378 
v 129.941 -7.16081 -7.30459 
v 129.941 -8.75 -5.23353 
v 129.941 -9.749 -2.82172 
v 129.941 -10.0897 -0.233526 
v 129.941 -9.749 2.35466 
v 129.941 -8.75 4.76647 
v 129.941 8.57051 -5.23353 
v 129.941 6.98132 -7.30459 
v 129.941 4.91025 -8.89378 
v 129.941 -12.7147 21.6336 
v 129.941 -6.62493 24.1561 
v 129.941 -0.089746 25.0165 
v 129.941 6.44544 24.1561 
v 129.941 12.5353 21.6336 
v 129.941 12.5353 -22.1007 
v 129.941 17.7647 -18.088 
v 129.941 17.7647 17.6209 
v 129.941 21.7774 -12.8585 
v 129.941 21.7774 12.3915 
v 129.941 24.2999 -6.76871 
v 129.941 24.2999 6.30165 
v 129.941 25.1603 -0.233526 
v 129.941 -24.4794 6.30165 
v 129.941 -24.4794 -6.76871 
v 129.941 -25.3397 -0.233526 
v 129.941 -21.9569 -12.8585 
v 129.941 -21.9569 12.3915 
v 129.941 -17.9442 -18.088 
v 129.941 -17.9442 17.6209 
v 129.941 -12.7147 -22.1007 
v 129.941 -6.62493 -24.6232 
v 129.941 -0.089746 -25.4835 
v 129.941 6.44544 -24.6232 
v 176.691 -0.308051 -0.428345 
v 176.691 -0.308051 -0.411151 
v 176.691 -0.309183 -0.419748 
v 176.691 -0.304733 -0.436356 
v 176.691 -0.304733 -0.40314 
v 176.691 -0.299455 -0.443235 
v 176.691 -0.299455 -0.396261 
v 176.691 -0.292575 -0.448513 
v 176.691 -0.292575 -0.390983 
v 176.691 -0.284565 -0.451832 
v 176.691 -0.284565 -0.387665 
v 176.691 -0.275968 -0.452963 
v 176.691 -0.275968 -0.386533 
v 176.691 -0.267371 -0.451832 
v 176.691 -0.267371 -0.387665 
v 176.691 -0.25936 -0.448513 
v 176.691 -0.25936 -0.390983 
v 176.691 -0.252481 -0.443235 
v 176.691 -0.252481 -0.396261 
v 176.691 -0.247202 -0.436356 
v 176.691 -0.247202 -0.40314 
v 176.691 -0.243884 -0.428345 
v 176.691 -0.243884 -0.411151 
v 176.691 -0.242752 -0.419748 
v 193.917 14.9634 -4.36424 
v 209.14 1.60192 2.21042 
v 193.917 10.0588 -1.9509 
v 212.946 4.12295 0.969917 
v 193.917 -6.71749 6.30407 
v 213.201 -1.21705 3.59753 
v 193.917 -11.92 8.86402 
v 231.95 14.6425 -4.20636 
v 217.007 1.30398 2.35702 
v 231.95 9.46296 -1.65769 
v 231.95 -11.8971 8.85274 
v 231.95 -6.96959 6.42812 
v 231.95 -11.4556 9.75 
v 217.007 1.74549 3.25428 
v 213.201 -0.775547 4.49478 
v 231.95 -6.52808 7.32538 
v 193.917 -6.27598 7.20133 
v 193.917 -11.4785 9.76128 
v 209.14 2.04343 3.10768 
v 212.946 4.56446 1.86718 
v 231.95 15.084 -3.3091 
v 231.95 9.90446 -0.760433 
v 193.917 15.4049 -3.46698 
v 193.917 10.5003 -1.05364 
v 6.81606 10.6928 7.32107 
v 4.74499 130.693 8.91025 
v 4.74499 10.6928 8.91025 
v 6.81606 130.693 7.32107 
v -0.255012 10.6928 10.25 
v -2.8432 130.693 9.90926 
v -2.8432 10.6928 9.90926 
v -0.255012 130.693 10.25 
v -5.25501 10.6928 8.91025 
v -7.32608 130.693 7.32107 
v -7.32608 10.6928 7.32107 
v -5.25501 130.693 8.91025 
v 24.995 130.693 0.25 
v -0.036707 177.443 0.0723749 
v 24.1346 130.693 6.78518 
v -0.0355752 177.443 0.0637782 
v -7.32608 130.693 -6.82107 
v -5.25501 10.6928 -8.41025 
v -7.32608 10.6928 -6.82107 
v -5.25501 130.693 -8.41025 
v -10.255 130.693 0.25 
v -9.91427 10.6928 -2.33819 
v -10.255 10.6928 0.25 
v -9.91427 130.693 -2.33819 
v -2.8432 10.6928 -9.40926 
v -2.8432 130.693 -9.40926 
v 9.40425 10.6928 -2.33819 
v 9.74499 130.693 0.25 
v 9.74499 10.6928 0.25 
v 9.40425 130.693 -2.33819 
v -0.0400252 177.443 0.0803858 
v 21.6121 130.693 12.875 
v -8.91527 10.6928 5.25 
v -8.91527 130.693 5.25 
v 8.40524 10.6928 5.25 
v 8.40524 130.693 5.25 
v 2.33318 10.6928 -9.40926 
v -0.255012 10.6928 -9.75 
v 4.74499 10.6928 -8.41025 
v 6.81606 10.6928 -6.82107 
v 8.40524 10.6928 -4.75 
v -8.91527 10.6928 -4.75 
v -9.91427 10.6928 2.83819 
v 9.40425 10.6928 2.83819 
v 2.33318 10.6928 9.90926 
v 2.33318 130.693 9.90926 
v -0.100874 177.443 0.0723749 
v -25.505 130.693 0.25 
v -24.6446 130.693 6.78518 
v -0.102006 177.443 0.0637782 
v 12.37 130.693 22.1171 
v -0.0453037 177.443 0.0872649 
v -0.0521828 177.443 0.0925435 
v 17.5994 130.693 18.1044 
v -24.6446 130.693 -6.28518 
v -0.100874 177.443 0.0551814 
v -0.0975558 177.443 0.0803858 
v -22.1222 130.693 12.875 
v -0.0773872 177.443 0.0316947 
v -0.255012 130.693 -25 
v -6.79019 130.693 -24.1396 
v -0.0687905 177.443 0.0305629 
v -0.255012 130.693 25.5 
v -0.0773872 177.443 0.0958617 
v -6.79019 130.693 24.6396 
v -0.0687905 177.443 0.0969935 
v 17.5994 130.693 -17.6044 
v -0.0400252 177.443 0.0471705 
v 21.6121 130.693 -12.375 
v -0.0453037 177.443 0.0402914 
v -12.88 130.693 22.1171 
v -0.0922772 177.443 0.0872649 
v -18.1095 130.693 18.1044 
v -0.0853981 177.443 0.0925435 
v -0.0521828 177.443 0.0350129 
v 6.28017 130.693 -24.1396 
v -0.0601937 177.443 0.0316947 
v 12.37 130.693 -21.6171 
v 4.74499 130.693 -8.41025 
v 6.81606 130.693 -6.82107 
v 9.40425 130.693 2.83819 
v -0.0853981 177.443 0.0350129 
v -0.0922772 177.443 0.0402914 
v -0.0975558 177.443 0.0471705 
v -0.036707 177.443 0.0551814 
v -0.0601937 177.443 0.0958617 
v -12.88 130.693 -21.6171 
v -9.91427 130.693 2.83819 
v -0.255012 130.693 -9.75 
v 2.33318 130.693 -9.40926 
v 8.40524 130.693 -4.75 
v 24.1346 130.693 -6.28518 
v 6.28017 130.693 24.6396 
v -8.91527 130.693 -4.75 
v -22.1222 130.693 -12.375 
v -18.1095 130.693 -17.6044 
v 1.52159 189.472 -1.11907 
v -2.76169 189.472 1.75 
v 0.814486 189.472 -1.82617 
v -2.05458 189.472 2.45711 
v 1.52159 206.304 -1.11907 
v 0.814486 206.304 -1.82617 
v 9.89941 227.505 -10.9111 
v 10.6065 227.505 -10.204 
v -0.23037 210.723 0.632898 
v 6.81361 227.505 -6.41108 
v -2.05458 205.768 2.45711 
v -11.1395 227.505 11.542 
v -7.16598 227.505 7.5685 
v 6.1065 227.505 -7.11818 
v -0.937477 210.723 -0.0742091 
v -7.87308 227.505 6.8614 
v -11.8466 227.505 10.8349 
v -2.76169 205.768 1.75 
v -12.625 21.8671 130.25 
v -6.53518 24.3896 130.25 
v 0 25.25 130.25 
v 6.53518 24.3896 130.25 
v 12.625 21.8671 130.25 
v 12.625 -21.8671 130.25 
v 17.8544 -17.8544 130.25 
v 17.8544 17.8544 130.25 
v 21.8671 -12.625 130.25 
v 21.8671 12.625 130.25 
v 24.3896 -6.53518 130.25 
v 24.3896 6.53518 130.25 
v 25.25 -4.6382e-015 130.25 
v -24.3896 6.53518 130.25 
v -24.3896 -6.53518 130.25 
v -25.25 1.54607e-015 130.25 
v -21.8671 -12.625 130.25 
v -21.8671 12.625 130.25 
v -17.8544 -17.8544 130.25 
v -17.8544 17.8544 130.25 
v -12.625 -21.8671 130.25 
v -6.53518 -24.3896 130.25 
v -3.10862e-015 -25.25 130.25 
v 6.53518 -24.3896 130.25 
v -8.74175 11.9233 186.826 
v -8.03465 12.6304 182.331 
v -8.74175 11.9233 182.331 
v -8.03465 12.6304 186.826 
v 9.39197 -6.21042 220.364 
v -8.68486 13.2806 220.364 
v -9.39197 12.5735 220.364 
v 10.0991 -5.50331 220.364 
v -8.68486 13.2806 215.664 
v -9.39197 12.5735 215.664 
v 5.00303 -1.82148 186.826 
v 5.71014 -1.11437 186.826 
v 9.39197 -6.21042 215.868 
v -5.52681 8.70836 215.868 
v 9.03074 -5.84919 182.331 
v 9.03074 -5.84919 186.903 
v -4.81971 9.41547 215.868 
v 9.73784 -5.14208 186.903 
v 10.0991 -5.50331 215.868 
v 9.73784 -5.14208 182.331 
v -1.89495 26.8397 1.8635 
v 0.414944 26.5356 1.8635 
v -1.81624 26.8397 1.26565 
v -8.30072 25.9964 1.8635 
v -8.00374 25.9964 -0.392283 
v -14.2699 23.5239 1.8635 
v -13.7696 23.5239 -1.93723 
v -19.3958 19.5906 1.8635 
v -18.7208 19.5906 -3.26391 
v -22.52 14.4647 -4.28191 
v -23.3291 14.4647 1.8635 
v -24.9083 8.49551 -4.92185 
v -25.8016 8.49551 1.8635 
v -25.7229 2.08974 -5.14012 
v -26.6449 2.08974 1.8635 
v -24.9083 -4.31603 -4.92185 
v -25.8016 -4.31603 1.8635 
v -22.52 -10.2853 -4.28191 
v -23.3291 -10.2853 1.8635 
v -18.7208 -15.4111 -3.26391 
v -19.3958 -15.4111 1.8635 
v -13.7696 -19.3444 -1.93723 
v -14.2699 -19.3444 1.8635 
v -8.00374 -21.8169 -0.392283 
v -8.30072 -21.8169 1.8635 
v -1.81624 -22.6603 1.26565 
v -1.89495 -22.6603 1.8635 
v 0.414944 -22.3562 1.8635 
v -1.81624 26.8397 2.46134 
v -8.00374 25.9964 4.11928 
v -13.7696 23.5239 5.66423 
v -18.7208 19.5906 6.9909 
v -22.52 14.4647 8.0089 
v -24.9083 8.49551 8.64884 
v -25.7229 2.08974 8.86711 
v -24.9083 -4.31603 8.64884 
v -22.52 -10.2853 8.0089 
v -18.7208 -15.4111 6.9909 
v -13.7696 -19.3444 5.66423 
v -8.00374 -21.8169 4.11928 
v -1.81624 -22.6603 2.46134 
v -1.58548 26.8397 3.01844 
v -7.13304 25.9964 6.22133 
v -12.3025 23.5239 9.20594 
v -16.7417 19.5906 11.7689 
v -20.148 14.4647 13.7355 
v -22.2893 8.49551 14.9718 
v -23.0196 2.08974 15.3934 
v -22.2893 -4.31603 14.9718 
v -20.148 -10.2853 13.7355 
v -16.7417 -15.4111 11.7689 
v -12.3025 -19.3444 9.20594 
v -7.13304 -21.8169 6.22133 
v -1.58548 -22.6603 3.01844 
v -1.2184 26.8397 3.49684 
v -5.74796 25.9964 8.0264 
v -9.96884 23.5239 12.2473 
v -13.5934 19.5906 15.8718 
v -16.3746 14.4647 18.6531 
v -18.123 8.49551 20.4014 
v -18.7193 2.08974 20.9977 
v -18.123 -4.31603 20.4014 
v -16.3746 -10.2853 18.6531 
v -13.5934 -15.4111 15.8718 
v -9.96884 -19.3444 12.2473 
v -5.74796 -21.8169 8.0264 
v -1.2184 -22.6603 3.49684 
v -0.740001 26.8397 3.86392 
v -3.94289 25.9964 9.41148 
v -6.9275 23.5239 14.581 
v -9.49045 19.5906 19.0201 
v -11.4571 14.4647 22.4264 
v -12.6933 8.49551 24.5677 
v -13.115 2.08974 25.298 
v -12.6933 -4.31603 24.5677 
v -11.4571 -10.2853 22.4264 
v -9.49045 -15.4111 19.0201 
v -6.9275 -19.3444 14.581 
v -3.94289 -21.8169 9.41148 
v -0.740001 -22.6603 3.86392 
v -0.182899 26.8397 4.09468 
v -1.84084 25.9964 10.2822 
v -3.38579 23.5239 16.048 
v -4.71246 19.5906 20.9992 
v -5.73046 14.4647 24.7985 
v -6.3704 8.49551 27.1867 
v -6.3704 -4.31603 27.1867 
v -5.73046 -10.2853 24.7985 
v -4.71246 -15.4111 20.9992 
v -3.38579 -19.3444 16.048 
v -1.84084 -21.8169 10.2822 
v -0.182899 -22.6603 4.09468 
v 0.414944 26.8397 4.17339 
v 0.414944 25.9964 10.5792 
v 0.414944 23.5239 16.5484 
v 0.414944 19.5906 21.6743 
v 0.414944 14.4647 25.6075 
v 0.414944 8.49551 28.0801 
v 0.414944 -10.2853 25.6075 
v 0.414944 -15.4111 21.6743 
v 0.414944 -19.3444 16.5484 
v 0.414944 -21.8169 10.5792 
v 0.414944 -22.6603 4.17339 
v 1.01279 26.8397 4.09468 
v 2.67072 25.9964 10.2822 
v 4.21567 23.5239 16.048 
v 5.54235 19.5906 20.9992 
v 6.56035 14.4647 24.7985 
v 7.20029 8.49551 27.1867 
v 5.54235 -15.4111 20.9992 
v 6.56035 -10.2853 24.7985 
v 4.21567 -19.3444 16.048 
v 2.67072 -21.8169 10.2822 
v 1.01279 -22.6603 4.09468 
v 1.56989 26.8397 3.86392 
v 4.77278 25.9964 9.41148 
v 7.75739 23.5239 14.581 
v 10.3203 19.5906 19.0201 
v 12.287 14.4647 22.4264 
v 13.5232 8.49551 24.5677 
v 12.287 -10.2853 22.4264 
v 7.20029 -4.31603 27.1867 
v 13.5232 -4.31603 24.5677 
v 10.3203 -15.4111 19.0201 
v 7.75739 -19.3444 14.581 
v 4.77278 -21.8169 9.41148 
v 1.56989 -22.6603 3.86392 
v 2.04828 26.8397 3.49684 
v 6.57785 25.9964 8.0264 
v 10.7987 23.5239 12.2473 
v 14.4233 19.5906 15.8718 
v 17.2045 14.4647 18.6531 
v 18.9528 8.49551 20.4014 
v 13.9449 2.08974 25.298 
v 19.5492 2.08974 20.9977 
v 18.9528 -4.31603 20.4014 
v 17.2045 -10.2853 18.6531 
v 14.4233 -15.4111 15.8718 
v 10.7987 -19.3444 12.2473 
v 6.57785 -21.8169 8.0264 
v 2.04828 -22.6603 3.49684 
v 2.41537 26.8397 3.01844 
v 7.96293 25.9964 6.22133 
v 13.1324 23.5239 9.20594 
v 17.5716 19.5906 11.7689 
v 20.9779 14.4647 13.7355 
v 23.1191 8.49551 14.9718 
v 23.8495 2.08974 15.3934 
v 23.1191 -4.31603 14.9718 
v 20.9779 -10.2853 13.7355 
v 17.5716 -15.4111 11.7689 
v 13.1324 -19.3444 9.20594 
v 7.96293 -21.8169 6.22133 
v 2.41537 -22.6603 3.01844 
v 2.64613 26.8397 2.46134 
v 8.83363 25.9964 4.11928 
v 14.5995 23.5239 5.66423 
v 19.5507 19.5906 6.9909 
v 23.3499 14.4647 8.0089 
v 25.7382 8.49551 8.64884 
v 26.5528 2.08974 8.86711 
v 25.7382 -4.31603 8.64884 
v 23.3499 -10.2853 8.0089 
v 19.5507 -15.4111 6.9909 
v 14.5995 -19.3444 5.66423 
v 8.83363 -21.8169 4.11928 
v 2.64613 -22.6603 2.46134 
v 2.72484 26.8397 1.8635 
v 9.13061 25.9964 1.8635 
v 15.0998 23.5239 1.8635 
v 20.2257 19.5906 1.8635 
v 24.159 14.4647 1.8635 
v 26.6315 8.49551 1.8635 
v 27.4748 2.08974 1.8635 
v 26.6315 -4.31603 1.8635 
v 24.159 -10.2853 1.8635 
v 20.2257 -15.4111 1.8635 
v 15.0998 -19.3444 1.8635 
v 9.13061 -21.8169 1.8635 
v 2.72484 -22.6603 1.8635 
v 2.64613 26.8397 1.26565 
v 8.83363 25.9964 -0.392283 
v 14.5995 23.5239 -1.93723 
v 19.5507 19.5906 -3.26391 
v 23.3499 14.4647 -4.28191 
v 25.7382 8.49551 -4.92185 
v 26.5528 2.08974 -5.14012 
v 25.7382 -4.31603 -4.92185 
v 23.3499 -10.2853 -4.28191 
v 19.5507 -15.4111 -3.26391 
v 14.5995 -19.3444 -1.93723 
v 8.83363 -21.8169 -0.392283 
v 2.64613 -22.6603 1.26565 
v 2.41537 26.8397 0.70855 
v 7.96293 25.9964 -2.49434 
v 13.1324 23.5239 -5.47895 
v 17.5716 19.5906 -8.0419 
v 20.9779 14.4647 -10.0085 
v 23.1191 8.49551 -11.2448 
v 23.8495 2.08974 -11.6664 
v 23.1191 -4.31603 -11.2448 
v 20.9779 -10.2853 -10.0085 
v 17.5716 -15.4111 -8.0419 
v 13.1324 -19.3444 -5.47895 
v 7.96293 -21.8169 -2.49434 
v 2.41537 -22.6603 0.70855 
v 2.04828 26.8397 0.230156 
v 6.57785 25.9964 -4.29941 
v 10.7987 23.5239 -8.52029 
v 14.4233 19.5906 -12.1448 
v 17.2045 14.4647 -14.9261 
v 18.9528 8.49551 -16.6744 
v 19.5492 2.08974 -17.2707 
v 18.9528 -4.31603 -16.6744 
v 17.2045 -10.2853 -14.9261 
v 14.4233 -15.4111 -12.1448 
v 10.7987 -19.3444 -8.52029 
v 6.57785 -21.8169 -4.29941 
v 2.04828 -22.6603 0.230156 
v 1.56989 26.8397 -0.136929 
v 4.77278 25.9964 -5.68449 
v 7.75739 23.5239 -10.854 
v 10.3203 19.5906 -15.2931 
v 12.287 14.4647 -18.6994 
v 13.5232 8.49551 -20.8407 
v 13.9449 2.08974 -21.5711 
v 13.5232 -4.31603 -20.8407 
v 12.287 -10.2853 -18.6994 
v 10.3203 -15.4111 -15.2931 
v 7.75739 -19.3444 -10.854 
v 4.77278 -21.8169 -5.68449 
v 1.56989 -22.6603 -0.136929 
v 1.01279 26.8397 -0.367688 
v 2.67072 25.9964 -6.55519 
v 4.21567 23.5239 -12.321 
v 5.54235 19.5906 -17.2723 
v 6.56035 14.4647 -21.0715 
v 7.20029 8.49551 -23.4598 
v 7.41856 2.08974 -24.2744 
v 7.20029 -4.31603 -23.4598 
v 6.56035 -10.2853 -21.0715 
v 5.54235 -15.4111 -17.2723 
v 4.21567 -19.3444 -12.321 
v 2.67072 -21.8169 -6.55519 
v 1.01279 -22.6603 -0.367688 
v 0.414944 26.8397 -0.446396 
v 0.414944 25.9964 -6.85217 
v 0.414944 23.5239 -12.8214 
v 0.414944 19.5906 -17.9473 
v 0.414944 14.4647 -21.8805 
v 0.414944 8.49551 -24.3531 
v 0.414944 2.08974 -25.1964 
v 0.414944 -4.31603 -24.3531 
v 0.414944 -10.2853 -21.8805 
v 0.414944 -15.4111 -17.9473 
v 0.414944 -19.3444 -12.8214 
v 0.414944 -21.8169 -6.85217 
v 0.414944 -22.6603 -0.446396 
v -0.182899 26.8397 -0.367688 
v -1.84084 25.9964 -6.55519 
v -3.38579 23.5239 -12.321 
v -4.71246 19.5906 -17.2723 
v -5.73046 14.4647 -21.0715 
v -6.3704 8.49551 -23.4598 
v -6.58867 2.08974 -24.2744 
v -6.3704 -4.31603 -23.4598 
v -5.73046 -10.2853 -21.0715 
v -4.71246 -15.4111 -17.2723 
v -3.38579 -19.3444 -12.321 
v -1.84084 -21.8169 -6.55519 
v -0.182899 -22.6603 -0.367688 
v -0.740001 26.8397 -0.136929 
v -3.94289 25.9964 -5.68449 
v -6.9275 23.5239 -10.854 
v -9.49045 19.5906 -15.2931 
v -11.4571 14.4647 -18.6994 
v -12.6933 8.49551 -20.8407 
v -13.115 2.08974 -21.5711 
v -12.6933 -4.31603 -20.8407 
v -11.4571 -10.2853 -18.6994 
v -9.49045 -15.4111 -15.2931 
v -6.9275 -19.3444 -10.854 
v -3.94289 -21.8169 -5.68449 
v -0.740001 -22.6603 -0.136929 
v -1.2184 26.8397 0.230156 
v -5.74796 25.9964 -4.29941 
v -9.96884 23.5239 -8.52029 
v -13.5934 19.5906 -12.1448 
v -16.3746 14.4647 -14.9261 
v -18.123 8.49551 -16.6744 
v -18.7193 2.08974 -17.2707 
v -18.123 -4.31603 -16.6744 
v -16.3746 -10.2853 -14.9261 
v -13.5934 -15.4111 -12.1448 
v -9.96884 -19.3444 -8.52029 
v -5.74796 -21.8169 -4.29941 
v -1.2184 -22.6603 0.230156 
v -1.58548 26.8397 0.70855 
v -7.13304 25.9964 -2.49434 
v -12.3025 23.5239 -5.47895 
v -16.7417 19.5906 -8.0419 
v -20.148 14.4647 -10.0085 
v -22.2893 8.49551 -11.2448 
v -23.0196 2.08974 -11.6664 
v -22.2893 -4.31603 -11.2448 
v -20.148 -10.2853 -10.0085 
v -16.7417 -15.4111 -8.0419 
v -12.3025 -19.3444 -5.47895 
v -7.13304 -21.8169 -2.49434 
v -1.58548 -22.6603 0.70855 
v 7.41856 2.08974 28.0013 
v 0.414944 2.08974 28.9234 
v 0.414944 -4.31603 28.0801 
v -6.58867 2.08974 28.0013 
vn 0 -1 0 
vn -0 1 -0 
vn -3.5451e-013 0.866025 -0.5 
vn -3.95405e-013 0.965926 -0.258819 
vn -4.09353e-013 1 2.31689e-016 
vn -4.09353e-013 1 2.406e-016 
vn -1 -4.09353e-013 -0 
vn -3.5451e-013 0.866025 0.5 
vn -2.89456e-013 0.707107 0.707107 
vn -3.95405e-013 0.965926 0.258819 
vn -2.89456e-013 0.707107 -0.707107 
vn -2.04677e-013 0.5 0.866025 
vn -1.05948e-013 0.258819 0.965926 
vn -1.25621e-028 3.11889e-016 1 
vn -2.43138e-029 5.34667e-017 1 
vn 1.05948e-013 -0.258819 0.965926 
vn 3.95405e-013 -0.965926 0.258819 
vn 4.09353e-013 -1 -1.51489e-016 
vn 3.95405e-013 -0.965926 -0.258819 
vn 3.5451e-013 -0.866025 -0.5 
vn 2.89456e-013 -0.707107 -0.707107 
vn 2.04677e-013 -0.5 -0.866025 
vn 1.05948e-013 -0.258819 -0.965926 
vn -2.02615e-028 4.90111e-016 -1 
vn -3.03923e-028 7.39622e-016 -1 
vn -1.05948e-013 0.258819 -0.965926 
vn -2.04677e-013 0.5 -0.866025 
vn 2.04677e-013 -0.5 0.866025 
vn 2.89456e-013 -0.707107 0.707107 
vn 3.5451e-013 -0.866025 0.5 
vn -1 -4.09353e-013 0 
vn 1 4.09353e-013 0 
vn 0.476656 -0.227239 0.849212 
vn 0.475729 -0.440118 0.761563 
vn 0.475732 -0.439509 0.761913 
vn 0.476653 -0.227847 0.849051 
vn 0.477447 0.000241515 0.87866 
vn 0.478053 0.227144 0.848452 
vn 0.477446 -0.000271379 0.878661 
vn 0.478054 0.227493 0.848358 
vn 0.475732 0.761913 -0.439509 
vn 0.476653 0.849051 -0.227847 
vn 0.476656 0.849212 -0.227239 
vn 0.475729 0.761563 -0.440118 
vn 0.472813 0.227739 -0.851224 
vn 0.472016 0.000243279 -0.88159 
vn 0.472014 -0.000272999 -0.881591 
vn 0.472815 0.228349 -0.85106 
vn 0.471402 -0.851912 -0.228091 
vn 0.471015 -0.763893 -0.441149 
vn 0.471015 -0.763987 -0.440985 
vn 0.471401 -0.851818 -0.228444 
vn 0.472016 -0.88159 0.000243279 
vn 0.472014 -0.881591 -0.000272999 
vn 0.478435 0.760527 0.438976 
vn 0.478565 0.620877 0.620877 
vn 0.478435 0.760433 0.439138 
vn 0.471015 -0.441149 -0.763893 
vn 0.471402 -0.228091 -0.851912 
vn 0.471015 -0.440985 -0.763987 
vn 0.471401 -0.228444 -0.851818 
vn 0.470883 -0.623806 -0.623806 
vn 0.478053 0.848452 0.227144 
vn 0.478054 0.848358 0.227493 
vn 0.474736 0.622072 -0.622617 
vn 0.473744 0.440618 -0.76251 
vn 0.473741 0.44001 -0.762864 
vn 0.474739 0.622586 -0.622101 
vn 0.473741 -0.762864 0.44001 
vn 0.472815 -0.85106 0.228349 
vn 0.473744 -0.76251 0.440618 
vn 0.472813 -0.851224 0.227739 
vn 0.477446 0.878661 -0.000271379 
vn 0.477447 0.87866 0.000241515 
vn 0.478435 0.439138 0.760433 
vn 0.478435 0.438976 0.760527 
vn 0.474736 -0.622617 0.622072 
vn 0.474739 -0.622101 0.622586 
vn -9.02881e-015 -0.897258 -0.441506 
vn 8.96374e-015 0.897258 0.441506 
vn -1 5.17619e-015 2.16678e-014 
vn -0.520174 -0.377073 0.766313 
vn -0.526404 0.375384 -0.76288 
vn -1 4.71605e-015 2.2603e-014 
vn 0.535995 -0.372728 0.757484 
vn -0.525054 -0.375752 0.763628 
vn 1 -5.14268e-015 -2.17359e-014 
vn 1 9.13987e-015 -1.85747e-014 
vn -0.535982 0.372732 -0.757492 
vn 0.519854 0.377159 -0.766487 
vn 0.525152 -0.375725 0.763574 
vn 0.526044 0.375482 -0.76308 
vn 0.707107 0.707107 -2.89554e-013 
vn 0.5 0.866025 -3.5458e-013 
vn -2.49511e-016 1 -4.09353e-013 
vn -0.258819 0.965926 -3.95369e-013 
vn -2.31689e-016 1 -4.09353e-013 
vn -0.5 0.866025 -3.54441e-013 
vn -0.707107 0.707107 -2.89358e-013 
vn 0.88159 0.000243279 0.472016 
vn 0.851224 0.227739 0.472813 
vn 0.85106 0.228349 0.472815 
vn 0.881591 -0.000272999 0.472014 
vn -0.707107 -0.707107 2.89554e-013 
vn -0.5 -0.866025 3.5458e-013 
vn -1 -1.51489e-016 1.38778e-016 
vn -0.965926 -0.258819 1.06082e-013 
vn -1 6.23778e-017 1.38778e-016 
vn -0.258819 -0.965926 3.95441e-013 
vn 0.965926 -0.258819 1.05814e-013 
vn 1 2.85156e-016 -1.38778e-016 
vn 1 4.63378e-016 -1.38778e-016 
vn 0.762864 0.44001 0.473741 
vn 0.76251 0.440618 0.473744 
vn -0.866025 0.5 -2.04556e-013 
vn 0.866025 0.5 -2.04797e-013 
vn -1.38778e-016 -4.09353e-013 -1 
vn 0.258819 0.965926 -3.95441e-013 
vn -0.848452 0.227144 0.478053 
vn -0.87866 0.000241515 0.477447 
vn -0.848358 0.227493 0.478054 
vn -0.878661 -0.000271379 0.477446 
vn 0.439509 0.761913 0.475732 
vn 0.622617 0.622072 0.474736 
vn 0.440118 0.761563 0.475729 
vn 0.622101 0.622586 0.474739 
vn -0.849212 -0.227239 0.476656 
vn -0.849051 -0.227847 0.476653 
vn -0.760527 0.438976 0.478435 
vn -0.760433 0.439138 0.478435 
vn -0.227739 -0.851224 0.472813 
vn -0.000243279 -0.88159 0.472016 
vn -0.228349 -0.85106 0.472815 
vn 0.000272999 -0.881591 0.472014 
vn -0.000241515 0.87866 0.477447 
vn -0.227144 0.848452 0.478053 
vn -0.227493 0.848358 0.478054 
vn 0.000271379 0.878661 0.477446 
vn 0.623806 -0.623806 0.470883 
vn 0.763893 -0.441149 0.471015 
vn 0.763987 -0.440985 0.471015 
vn -0.439138 0.760433 0.478435 
vn -0.620877 0.620877 0.478565 
vn -0.438976 0.760527 0.478435 
vn 0.441149 -0.763893 0.471015 
vn 0.228091 -0.851912 0.471402 
vn 0.228444 -0.851818 0.471401 
vn 0.440985 -0.763987 0.471015 
vn 0.5 -0.866025 3.54441e-013 
vn 0.707107 -0.707107 2.89358e-013 
vn 0.965926 0.258819 -1.06082e-013 
vn 1.38778e-016 4.09353e-013 1 
vn -0.44001 -0.762864 0.473741 
vn -0.440618 -0.76251 0.473744 
vn -0.965926 0.258819 -1.05814e-013 
vn 1.69311e-016 -1 4.09353e-013 
vn 1.604e-016 -1 4.09353e-013 
vn 0.258819 -0.965926 3.95369e-013 
vn 0.866025 -0.5 2.04556e-013 
vn 0.851818 -0.228444 0.471401 
vn 0.851912 -0.228091 0.471402 
vn 0.227239 0.849212 0.476656 
vn 0.227847 0.849051 0.476653 
vn -0.761913 -0.439509 0.475732 
vn -0.761563 -0.440118 0.475729 
vn -0.622072 -0.622617 0.474736 
vn -0.622586 -0.622101 0.474739 
vn -0.866025 -0.5 2.04797e-013 
vn 0 0 -1 
vn 0.707107 -0.707107 0 
vn 0.604726 -0.604726 -0.518279 
vn 0.707107 0.707107 -1.20827e-016 
vn -0 -0 1 
vn -0.608047 0.608047 0.510448 
vn 0.61048 -0.61048 0.504606 
vn -0.707107 0.707107 -0 
vn -0.608724 0.608724 -0.508832 
vn -0.707107 -0.707107 9.59379e-017 
vn -0.258819 0 0.965926 
vn -6.23778e-017 0 1 
vn 0.258819 0 0.965926 
vn 0.965926 0 0.258819 
vn 1 0 -1.51489e-016 
vn 0.965926 0 -0.258819 
vn 0.866025 0 -0.5 
vn 0.707107 0 -0.707107 
vn 0.5 0 -0.866025 
vn 0.258819 0 -0.965926 
vn -4.90111e-016 0 -1 
vn -0.707107 0 0.707107 
vn -0.866025 0 0.5 
vn -0.965926 0 0.258819 
vn -1 0 2.406e-016 
vn -0.866025 0 -0.5 
vn -0.707107 0 -0.707107 
vn -0.5 0 0.866025 
vn -0.965926 0 -0.258819 
vn -0.258819 0 -0.965926 
vn -0.5 0 -0.866025 
vn 0.5 0 0.866025 
vn 0.707107 0 0.707107 
vn 0.866025 0 0.5 
vn 0.227847 0.476653 0.849051 
vn 0.439509 0.475732 0.761913 
vn 0.227239 0.476656 0.849212 
vn 0.440118 0.475729 0.761563 
vn -0.227144 0.478053 0.848452 
vn -0.000241515 0.477447 0.87866 
vn -0.227493 0.478054 0.848358 
vn 0.000271379 0.477446 0.878661 
vn -0.761563 0.475729 -0.440118 
vn -0.849212 0.476656 -0.227239 
vn -0.761913 0.475732 -0.439509 
vn -0.849051 0.476653 -0.227847 
vn 0.000272999 0.472014 -0.881591 
vn -0.228349 0.472815 -0.85106 
vn -0.000243279 0.472016 -0.88159 
vn -0.227739 0.472813 -0.851224 
vn 0.851912 0.471402 -0.228091 
vn 0.763893 0.471015 -0.441149 
vn 0.763987 0.471015 -0.440985 
vn 0.851818 0.471401 -0.228444 
vn 0.88159 0.472016 0.000243279 
vn 0.881591 0.472014 -0.000272999 
vn -0.620877 0.478565 0.620877 
vn -0.760433 0.478435 0.439138 
vn -0.760527 0.478435 0.438976 
vn 0.441149 0.471015 -0.763893 
vn 0.228091 0.471402 -0.851912 
vn 0.440985 0.471015 -0.763987 
vn 0.228444 0.471401 -0.851818 
vn 0.623806 0.470883 -0.623806 
vn -0.848358 0.478054 0.227493 
vn -0.848452 0.478053 0.227144 
vn -0.44001 0.473741 -0.762864 
vn -0.622586 0.474739 -0.622101 
vn -0.440618 0.473744 -0.76251 
vn -0.622072 0.474736 -0.622617 
vn 0.85106 0.472815 0.228349 
vn 0.762864 0.473741 0.44001 
vn 0.851224 0.472813 0.227739 
vn 0.76251 0.473744 0.440618 
vn -0.87866 0.477447 0.000241515 
vn -0.878661 0.477446 -0.000271379 
vn -0.439138 0.478435 0.760433 
vn -0.438976 0.478435 0.760527 
vn 0.622617 0.474736 0.622072 
vn 0.622101 0.474739 0.622586 
vn -0.707107 3.92523e-017 0.707107 
vn 8.32667e-017 1 2.77556e-017 
vn -0.707107 7.85046e-017 -0.707107 
vn 0.576356 0.579333 -0.576356 
vn 0.707107 -3.92523e-017 -0.707107 
vn -8.32667e-017 -1 -2.77556e-017 
vn -0.577669 -0.576712 0.577669 
vn 0.707107 -7.85046e-017 0.707107 
vn -0.010876 1.33678e-016 0.999941 
vn -1.8474e-015 5.62142e-016 1 
vn -0.0105054 -0.00281492 0.999941 
vn -0.268909 -2.35862e-016 0.963166 
vn -0.259746 -0.0695987 0.963166 
vn -0.508065 -5.81473e-016 0.861319 
vn -0.490753 -0.131497 0.861319 
vn -0.712456 -7.84689e-016 0.701716 
vn -0.68818 -0.184397 0.701716 
vn -0.83909 -0.224833 0.495357 
vn -0.868689 -5.70379e-016 0.495357 
vn -0.9337 -0.250184 0.256147 
vn -0.966638 -1.13462e-016 0.256147 
vn -0.965926 -0.258819 -3.13441e-016 
vn -1 8.63098e-017 -2.9527e-016 
vn -0.9337 -0.250184 -0.256147 
vn -0.966638 -1.13462e-016 -0.256147 
vn -0.83909 -0.224833 -0.495357 
vn -0.868689 -5.29637e-016 -0.495357 
vn -0.68818 -0.184397 -0.701716 
vn -0.712456 -6.67437e-016 -0.701716 
vn -0.490753 -0.131497 -0.861319 
vn -0.508065 -5.43307e-016 -0.861319 
vn -0.259746 -0.0695987 -0.963166 
vn -0.268909 -4.02418e-016 -0.963166 
vn -0.0105054 -0.00281492 -0.999941 
vn -0.010876 3.62046e-016 -0.999941 
vn -1.88223e-015 -1.23455e-015 -1 
vn -0.0105054 0.00281492 0.999941 
vn -0.259746 0.0695987 0.963166 
vn -0.490753 0.131497 0.861319 
vn -0.68818 0.184397 0.701716 
vn -0.83909 0.224833 0.495357 
vn -0.9337 0.250184 0.256147 
vn -0.965926 0.258819 -2.9527e-016 
vn -0.9337 0.250184 -0.256147 
vn -0.83909 0.224833 -0.495357 
vn -0.68818 0.184397 -0.701716 
vn -0.490753 0.131497 -0.861319 
vn -0.259746 0.0695987 -0.963166 
vn -0.0105054 0.00281492 -0.999941 
vn -0.0094189 0.005438 0.999941 
vn -0.232882 0.134454 0.963166 
vn -0.439997 0.254032 0.861319 
vn -0.617005 0.356228 0.701716 
vn -0.752307 0.434345 0.495357 
vn -0.837133 0.483319 0.256147 
vn -0.866025 0.5 -7.72246e-017 
vn -0.837133 0.483319 -0.256147 
vn -0.752307 0.434345 -0.495357 
vn -0.617005 0.356228 -0.701716 
vn -0.439997 0.254032 -0.861319 
vn -0.232882 0.134454 -0.963166 
vn -0.0094189 0.005438 -0.999941 
vn -0.0076905 0.0076905 0.999941 
vn -0.190147 0.190147 0.963166 
vn -0.359256 0.359256 0.861319 
vn -0.503783 0.503783 0.701716 
vn -0.614256 0.614256 0.495357 
vn -0.683516 0.683516 0.256147 
vn -0.707107 0.707107 1.0448e-016 
vn -0.683516 0.683516 -0.256147 
vn -0.614256 0.614256 -0.495357 
vn -0.503783 0.503783 -0.701716 
vn -0.359256 0.359256 -0.861319 
vn -0.190147 0.190147 -0.963166 
vn -0.0076905 0.0076905 -0.999941 
vn -0.005438 0.0094189 0.999941 
vn -0.134454 0.232882 0.963166 
vn -0.254032 0.439997 0.861319 
vn -0.356228 0.617005 0.701716 
vn -0.434345 0.752307 0.495357 
vn -0.483319 0.837133 0.256147 
vn -0.5 0.866025 4.17921e-016 
vn -0.483319 0.837133 -0.256147 
vn -0.434345 0.752307 -0.495357 
vn -0.356228 0.617005 -0.701716 
vn -0.254032 0.439997 -0.861319 
vn -0.134454 0.232882 -0.963166 
vn -0.005438 0.0094189 -0.999941 
vn -0.00281492 0.0105054 0.999941 
vn -0.0695987 0.259746 0.963166 
vn -0.131497 0.490753 0.861319 
vn -0.184397 0.68818 0.701716 
vn -0.224833 0.83909 0.495357 
vn -0.250184 0.9337 0.256147 
vn -0.250184 0.9337 -0.256147 
vn -0.224833 0.83909 -0.495357 
vn -0.184397 0.68818 -0.701716 
vn -0.131497 0.490753 -0.861319 
vn -0.0695987 0.259746 -0.963166 
vn -0.00281492 0.0105054 -0.999941 
vn 1.01373e-016 0.010876 0.999941 
vn 1.11783e-018 0.268909 0.963166 
vn 2.69408e-017 0.508065 0.861319 
vn 3.83325e-017 0.712456 0.701716 
vn 5.88486e-017 0.868689 0.495357 
vn 6.35388e-017 0.966638 0.256147 
vn 4.52681e-018 0.868689 -0.495357 
vn 4.50971e-018 0.712456 -0.701716 
vn 1.34704e-017 0.508065 -0.861319 
vn -4.47131e-018 0.268909 -0.963166 
vn 9.0233e-017 0.010876 -0.999941 
vn 0.00281492 0.0105054 0.999941 
vn 0.0695987 0.259746 0.963166 
vn 0.131497 0.490753 0.861319 
vn 0.184397 0.68818 0.701716 
vn 0.224833 0.83909 0.495357 
vn 0.250184 0.9337 0.256147 
vn 0.184397 0.68818 -0.701716 
vn 0.224833 0.83909 -0.495357 
vn 0.131497 0.490753 -0.861319 
vn 0.0695987 0.259746 -0.963166 
vn 0.00281492 0.0105054 -0.999941 
vn 0.005438 0.0094189 0.999941 
vn 0.134454 0.232882 0.963166 
vn 0.254032 0.439997 0.861319 
vn 0.356228 0.617005 0.701716 
vn 0.434345 0.752307 0.495357 
vn 0.483319 0.837133 0.256147 
vn 0.434345 0.752307 -0.495357 
vn 0.250184 0.9337 -0.256147 
vn 0.483319 0.837133 -0.256147 
vn 0.356228 0.617005 -0.701716 
vn 0.254032 0.439997 -0.861319 
vn 0.134454 0.232882 -0.963166 
vn 0.005438 0.0094189 -0.999941 
vn 0.0076905 0.0076905 0.999941 
vn 0.190147 0.190147 0.963166 
vn 0.359256 0.359256 0.861319 
vn 0.503783 0.503783 0.701716 
vn 0.614256 0.614256 0.495357 
vn 0.683516 0.683516 0.256147 
vn 0.5 0.866025 1.25376e-015 
vn 0.707107 0.707107 4.58805e-016 
vn 0.683516 0.683516 -0.256147 
vn 0.614256 0.614256 -0.495357 
vn 0.503783 0.503783 -0.701716 
vn 0.359256 0.359256 -0.861319 
vn 0.190147 0.190147 -0.963166 
vn 0.0076905 0.0076905 -0.999941 
vn 0.0094189 0.005438 0.999941 
vn 0.232882 0.134454 0.963166 
vn 0.439997 0.254032 0.861319 
vn 0.617005 0.356228 0.701716 
vn 0.752307 0.434345 0.495357 
vn 0.837133 0.483319 0.256147 
vn 0.866025 0.5 7.2682e-017 
vn 0.837133 0.483319 -0.256147 
vn 0.752307 0.434345 -0.495357 
vn 0.617005 0.356228 -0.701716 
vn 0.439997 0.254032 -0.861319 
vn 0.232882 0.134454 -0.963166 
vn 0.0094189 0.005438 -0.999941 
vn 0.0105054 0.00281492 0.999941 
vn 0.259746 0.0695987 0.963166 
vn 0.490753 0.131497 0.861319 
vn 0.68818 0.184397 0.701716 
vn 0.83909 0.224833 0.495357 
vn 0.9337 0.250184 0.256147 
vn 0.965926 0.258819 1.18108e-016 
vn 0.9337 0.250184 -0.256147 
vn 0.83909 0.224833 -0.495357 
vn 0.68818 0.184397 -0.701716 
vn 0.490753 0.131497 -0.861319 
vn 0.259746 0.0695987 -0.963166 
vn 0.0105054 0.00281492 -0.999941 
vn 0.010876 9.52459e-017 0.999941 
vn 0.268909 -3.29201e-016 0.963166 
vn 0.508065 -3.70437e-016 0.861319 
vn 0.712456 -1.24017e-016 0.701716 
vn 0.868689 -9.50631e-017 0.495357 
vn 0.966638 -1.63385e-016 0.256147 
vn 1 -1.45364e-016 2.58929e-016 
vn 0.966638 -9.98466e-017 -0.256147 
vn 0.868689 1.40331e-016 -0.495357 
vn 0.712456 3.29209e-016 -0.701716 
vn 0.508065 1.21234e-016 -0.861319 
vn 0.268909 -1.00605e-016 -0.963166 
vn 0.010876 1.73225e-016 -0.999941 
vn 0.0105054 -0.00281492 0.999941 
vn 0.259746 -0.0695987 0.963166 
vn 0.490753 -0.131497 0.861319 
vn 0.68818 -0.184397 0.701716 
vn 0.83909 -0.224833 0.495357 
vn 0.9337 -0.250184 0.256147 
vn 0.965926 -0.258819 3.49782e-016 
vn 0.9337 -0.250184 -0.256147 
vn 0.83909 -0.224833 -0.495357 
vn 0.68818 -0.184397 -0.701716 
vn 0.490753 -0.131497 -0.861319 
vn 0.259746 -0.0695987 -0.963166 
vn 0.0105054 -0.00281492 -0.999941 
vn 0.0094189 -0.005438 0.999941 
vn 0.232882 -0.134454 0.963166 
vn 0.439997 -0.254032 0.861319 
vn 0.617005 -0.356228 0.701716 
vn 0.752307 -0.434345 0.495357 
vn 0.837133 -0.483319 0.256147 
vn 0.866025 -0.5 5.99626e-016 
vn 0.837133 -0.483319 -0.256147 
vn 0.752307 -0.434345 -0.495357 
vn 0.617005 -0.356228 -0.701716 
vn 0.439997 -0.254032 -0.861319 
vn 0.232882 -0.134454 -0.963166 
vn 0.0094189 -0.005438 -0.999941 
vn 0.0076905 -0.0076905 0.999941 
vn 0.190147 -0.190147 0.963166 
vn 0.359256 -0.359256 0.861319 
vn 0.503783 -0.503783 0.701716 
vn 0.614256 -0.614256 0.495357 
vn 0.683516 -0.683516 0.256147 
vn 0.707107 -0.707107 6.08711e-016 
vn 0.683516 -0.683516 -0.256147 
vn 0.614256 -0.614256 -0.495357 
vn 0.503783 -0.503783 -0.701716 
vn 0.359256 -0.359256 -0.861319 
vn 0.190147 -0.190147 -0.963166 
vn 0.0076905 -0.0076905 -0.999941 
vn 0.005438 -0.0094189 0.999941 
vn 0.134454 -0.232882 0.963166 
vn 0.254032 -0.439997 0.861319 
vn 0.356228 -0.617005 0.701716 
vn 0.434345 -0.752307 0.495357 
vn 0.483319 -0.837133 0.256147 
vn 0.5 -0.866025 2.31674e-016 
vn 0.483319 -0.837133 -0.256147 
vn 0.434345 -0.752307 -0.495357 
vn 0.356228 -0.617005 -0.701716 
vn 0.254032 -0.439997 -0.861319 
vn 0.134454 -0.232882 -0.963166 
vn 0.005438 -0.0094189 -0.999941 
vn 0.00281492 -0.0105054 0.999941 
vn 0.0695987 -0.259746 0.963166 
vn 0.131497 -0.490753 0.861319 
vn 0.184397 -0.68818 0.701716 
vn 0.224833 -0.83909 0.495357 
vn 0.250184 -0.9337 0.256147 
vn 0.258819 -0.965926 4.45177e-016 
vn 0.250184 -0.9337 -0.256147 
vn 0.224833 -0.83909 -0.495357 
vn 0.184397 -0.68818 -0.701716 
vn 0.131497 -0.490753 -0.861319 
vn 0.0695987 -0.259746 -0.963166 
vn 0.00281492 -0.0105054 -0.999941 
vn 1.21425e-016 -0.010876 0.999941 
vn -1.7494e-016 -0.268909 0.963166 
vn -2.42468e-016 -0.508065 0.861319 
vn -3.26954e-016 -0.712456 0.701716 
vn -3.75726e-016 -0.868689 0.495357 
vn 1.54308e-016 -0.966638 0.256147 
vn 1.14474e-015 -1 1.3537e-015 
vn 1.18001e-015 -0.966638 -0.256147 
vn 3.53092e-016 -0.868689 -0.495357 
vn -3.0666e-016 -0.712456 -0.701716 
vn -2.60428e-016 -0.508065 -0.861319 
vn -1.92267e-016 -0.268909 -0.963166 
vn 1.84922e-016 -0.010876 -0.999941 
vn -0.00281492 -0.0105054 0.999941 
vn -0.0695987 -0.259746 0.963166 
vn -0.131497 -0.490753 0.861319 
vn -0.184397 -0.68818 0.701716 
vn -0.224833 -0.83909 0.495357 
vn -0.250184 -0.9337 0.256147 
vn -0.258819 -0.965926 1.42638e-015 
vn -0.250184 -0.9337 -0.256147 
vn -0.224833 -0.83909 -0.495357 
vn -0.184397 -0.68818 -0.701716 
vn -0.131497 -0.490753 -0.861319 
vn -0.0695987 -0.259746 -0.963166 
vn -0.00281492 -0.0105054 -0.999941 
vn -0.005438 -0.0094189 0.999941 
vn -0.134454 -0.232882 0.963166 
vn -0.254032 -0.439997 0.861319 
vn -0.356228 -0.617005 0.701716 
vn -0.434345 -0.752307 0.495357 
vn -0.483319 -0.837133 0.256147 
vn -0.5 -0.866025 4.08836e-016 
vn -0.483319 -0.837133 -0.256147 
vn -0.434345 -0.752307 -0.495357 
vn -0.356228 -0.617005 -0.701716 
vn -0.254032 -0.439997 -0.861319 
vn -0.134454 -0.232882 -0.963166 
vn -0.005438 -0.0094189 -0.999941 
vn -0.0076905 -0.0076905 0.999941 
vn -0.190147 -0.190147 0.963166 
vn -0.359256 -0.359256 0.861319 
vn -0.503783 -0.503783 0.701716 
vn -0.614256 -0.614256 0.495357 
vn -0.683516 -0.683516 0.256147 
vn -0.707107 -0.707107 -2.22588e-016 
vn -0.683516 -0.683516 -0.256147 
vn -0.614256 -0.614256 -0.495357 
vn -0.503783 -0.503783 -0.701716 
vn -0.359256 -0.359256 -0.861319 
vn -0.190147 -0.190147 -0.963166 
vn -0.0076905 -0.0076905 -0.999941 
vn -0.0094189 -0.005438 0.999941 
vn -0.232882 -0.134454 0.963166 
vn -0.439997 -0.254032 0.861319 
vn -0.617005 -0.356228 0.701716 
vn -0.752307 -0.434345 0.495357 
vn -0.837133 -0.483319 0.256147 
vn -0.866025 -0.5 -3.13441e-016 
vn -0.837133 -0.483319 -0.256147 
vn -0.752307 -0.434345 -0.495357 
vn -0.617005 -0.356228 -0.701716 
vn -0.439997 -0.254032 -0.861319 
vn -0.232882 -0.134454 -0.963166 
vn -0.0094189 -0.005438 -0.999941 
vn 0.258819 0.965926 1.29465e-015 
vn 7.72246e-017 1 8.08587e-016 
vn 4.53848e-017 0.966638 -0.256147 
vn -0.258819 0.965926 7.40447e-016 
vt 0 0 
vt 0 0 
vt 0 0 
vt 0 0 
vt 0 0 
vt 0 0 
vt 0 0 
vt 0 0 
vt 0 0 
vt 0 0 
vt 0 0 
vt 0 0 
vt 0 0 
vt 0 0 
vt 0 0 
vt 0 0 
vt 0 0 
vt 0 0 
vt 0 0 
vt 0 0 
vt 0 0 
vt 0 0 
vt 0 0 
vt 0 0 
vt 0 0 
vt 0 0 
vt 0 0 
vt 0 0 
vt 0 0 
vt 0 0 
vt 0 0 
vt 0 0 
vt 0 0 
vt 0 0 
vt 0 0 
vt 0 0 
vt 0 0 
vt 0 0 
vt 0 0 
vt 0 0 
vt 0 0 
vt 0 0 
vt 0 0 
vt 0 0 
vt 0 0 
vt 0 0 
vt 0 0 
vt 0 0 
vt 0 0 
vt 0 0 
vt 0 0 
vt 0 0 
vt 0 0 
vt 0 0 
vt 0 0 
vt 0 0 
vt 0 0 
vt 0 0 
vt 0 0 
vt 0 0 
vt 0 0 
vt 0 0 
vt 0 0 
vt 0 0 
vt 0 0 
vt 0 0 
vt 0 0 
vt 0 0 
vt 0 0 
vt 0 0 
vt 0 0 
vt 0 0 
vt 0 0 
vt 0 0 
vt 0 0 
vt 0 0 
vt 0 0 
vt 0 0 
vt 0 0 
vt 0 0 
vt 0 0 
vt 0 0 
vt 0 0 
vt 0 0 
vt 0 0 
vt 0 0 
vt 0 0 
vt 0 0 
vt 0 0 
vt 0 0 
vt 0 0 
vt 0 0 
vt 0 0 
vt 0 0 
vt 0 0 
vt 0 0 
vt 0 0 
vt 0 0 
vt 0 0 
vt 0 0 
vt 0 0 
vt 0 0 
vt 0 0 
vt 0 0 
vt 0 0 
vt 0 0 
vt 0 0 
vt 0 0 
vt 0 0 
vt 0 0 
vt 0 0 
vt 0 0 
vt 0 0 
vt 0 0 
vt 0 0 
vt 0 0 
vt 0 0 
vt 0 0 
vt 0 0 
vt 0 0 
vt 0 0 
vt 0 0 
vt 0 0 
vt 0 0 
vt 0 0 
vt 0 0 
vt 0 0 
vt 0 0 
vt 0 0 
vt 0 0 
vt 0 0 
vt 0 0 
vt 0 0 
vt 0 0 
vt 0 0 
vt 0 0 
vt 0 0 
vt 0 0 
vt 0 0 
vt 0 0 
vt 0 0 
vt 0 0 
vt 0 0 
vt 0 0 
vt 0 0 
vt 0 0 
vt 0 0 
vt 0 0 
vt 0 0 
vt 0 0 
vt 0 0 
vt 0 0 
vt 0 0 
vt 0 0 
vt 0 0 
vt 0 0 
vt 0 0 
vt 0 0 
vt 0 0 
vt 0 0 
vt 0 0 
vt 0 0 
vt 0 0 
vt 0 0 
vt 0 0 
vt 0 0 
vt 0 0 
vt 0 0 
vt 0 0 
vt 0 0 
vt 0 0 
vt 0 0 
vt 0 0 
vt 0 0 
vt 0 0 
vt 0 0 
vt 0 0 
vt 0 0 
vt 0 0 
vt 0 0 
vt 0 0 
vt 0 0 
vt 0 0 
vt 0 0 
vt 0 0 
vt 0 0 
vt 0 0 
vt 0 0 
vt 0 0 
vt 0 0 
vt 0 0 
vt 0 0 
vt 0 0 
vt 0 0 
vt 0 0 
vt 0 0 
vt 0 0 
vt 0 0 
vt 0 0 
vt 0 0 
usemtl 0
#RGBA 1 1 1 1
f 1/1/1 2/2/1 3/3/1 
f 2/2/1 1/1/1 4/3/1 
f 4/3/1 1/1/1 5/4/1 
f 4/3/1 5/4/1 6/4/1 
f 6/4/1 5/4/1 7/5/1 
f 6/4/1 7/5/1 8/5/1 
f 8/5/1 7/5/1 9/6/1 
f 8/5/1 9/6/1 10/6/1 
f 10/6/1 9/6/1 11/7/1 
f 10/6/1 11/7/1 12/8/1 
f 12/8/1 11/7/1 13/9/1 
f 12/8/1 13/9/1 14/9/1 
f 14/9/1 13/9/1 15/10/1 
f 14/9/1 15/10/1 16/10/1 
f 16/10/1 15/10/1 17/11/1 
f 16/10/1 17/11/1 18/11/1 
f 18/11/1 17/11/1 19/12/1 
f 18/11/1 19/12/1 20/12/1 
f 20/12/1 19/12/1 21/13/1 
f 20/12/1 21/13/1 22/13/1 
f 22/13/1 21/13/1 23/14/1 
f 22/13/1 23/14/1 24/15/1 
f 25/15/2 26/16/2 27/17/2 
f 26/16/2 25/15/2 28/17/2 
f 26/16/2 28/17/2 29/18/2 
f 29/18/2 28/17/2 30/18/2 
f 29/18/2 30/18/2 31/19/2 
f 31/19/2 30/18/2 32/19/2 
f 31/19/2 32/19/2 33/20/2 
f 33/20/2 32/19/2 34/20/2 
f 33/20/2 34/20/2 35/21/2 
f 35/21/2 34/20/2 36/21/2 
f 35/21/2 36/21/2 37/22/2 
f 37/22/2 36/21/2 38/22/2 
f 37/22/2 38/22/2 39/23/2 
f 39/23/2 38/22/2 40/23/2 
f 39/23/2 40/23/2 41/24/2 
f 41/24/2 40/23/2 42/24/2 
f 41/24/2 42/24/2 43/25/2 
f 43/25/2 42/24/2 44/25/2 
f 43/25/2 44/25/2 45/26/2 
f 45/26/2 44/25/2 46/26/2 
f 45/26/2 46/26/2 47/27/2 
f 47/27/2 46/26/2 48/1/2 
f 49/1/2 50/2/2 51/3/2 
f 50/2/2 49/1/2 52/3/2 
f 50/2/2 52/3/2 53/4/2 
f 53/4/2 52/3/2 54/4/2 
f 53/4/2 54/4/2 55/5/2 
f 55/5/2 54/4/2 56/5/2 
f 55/5/2 56/5/2 57/6/2 
f 57/6/2 56/5/2 58/6/2 
f 57/6/2 58/6/2 59/7/2 
f 59/7/2 58/6/2 60/8/2 
f 59/7/2 60/8/2 61/9/2 
f 61/9/2 60/8/2 62/9/2 
f 61/9/2 62/9/2 63/10/2 
f 63/10/2 62/9/2 64/10/2 
f 63/10/2 64/10/2 65/11/2 
f 65/11/2 64/10/2 66/11/2 
f 65/11/2 66/11/2 67/12/2 
f 67/12/2 66/11/2 68/12/2 
f 67/12/2 68/12/2 69/13/2 
f 69/13/2 68/12/2 70/13/2 
f 69/13/2 70/13/2 71/14/2 
f 71/14/2 70/13/2 72/28/2 
usemtl 1
#RGBA 1 0 0 0
f 73/29/3 74/30/4 75/29/4 
f 74/30/4 73/29/3 76/29/3 
f 75/29/4 77/30/5 78/30/6 
f 77/30/5 75/29/4 74/30/4 
f 79/30/7 80/30/7 81/30/7 
f 80/30/7 79/30/7 82/30/7 
f 82/30/7 79/30/7 83/30/7 
f 82/30/7 83/30/7 84/30/7 
f 84/30/7 83/30/7 85/30/7 
f 84/30/7 85/30/7 86/30/7 
f 86/30/7 85/30/7 73/30/7 
f 86/30/7 73/30/7 87/30/7 
f 87/30/7 73/30/7 75/30/7 
f 87/30/7 75/30/7 88/30/7 
f 88/30/7 75/30/7 78/30/7 
f 88/30/7 78/30/7 89/30/7 
f 88/30/7 89/30/7 90/30/7 
f 90/30/7 89/30/7 91/30/7 
f 91/30/7 89/30/7 92/30/7 
f 91/30/7 92/30/7 93/30/7 
f 93/30/7 92/30/7 94/30/7 
f 93/30/7 94/30/7 95/30/7 
f 93/30/7 95/30/7 96/30/7 
f 96/30/7 95/30/7 97/30/7 
f 96/30/7 97/30/7 98/30/7 
f 98/30/7 97/30/7 99/29/7 
f 100/30/8 94/30/9 92/29/8 
f 94/30/9 100/30/8 101/30/9 
f 77/30/5 89/29/10 78/30/6 
f 89/29/10 77/30/5 102/30/10 
f 85/29/11 76/29/3 73/29/3 
f 76/29/3 85/29/11 103/29/11 
f 94/30/9 104/30/12 95/29/12 
f 104/30/12 94/30/9 101/30/9 
f 95/29/12 105/30/13 97/29/13 
f 105/30/13 95/29/12 104/30/12 
f 97/29/13 106/30/14 99/29/15 
f 106/30/14 97/29/13 105/30/13 
f 99/29/15 107/30/16 98/29/16 
f 107/30/16 99/29/15 106/30/14 
f 108/30/17 88/30/18 90/29/17 
f 88/30/18 108/30/17 109/29/18 
f 88/30/18 110/30/19 87/29/19 
f 110/30/19 88/30/18 109/29/18 
f 87/29/19 111/30/20 86/29/20 
f 111/30/20 87/29/19 110/30/19 
f 86/29/20 112/30/21 84/30/21 
f 112/30/21 86/29/20 111/30/20 
f 112/30/21 82/29/22 84/30/21 
f 82/29/22 112/30/21 113/30/22 
f 113/30/22 80/29/23 82/29/22 
f 80/29/23 113/30/22 114/30/23 
f 114/30/23 81/29/24 80/29/23 
f 81/29/24 114/30/23 115/30/25 
f 115/30/25 79/29/26 81/29/24 
f 79/29/26 115/30/25 116/30/26 
f 116/30/26 83/29/27 79/29/26 
f 83/29/27 116/30/26 117/29/27 
f 117/29/27 85/29/11 83/29/27 
f 85/29/11 117/29/27 103/29/11 
f 98/29/16 118/30/28 96/29/28 
f 118/30/28 98/29/16 107/30/16 
f 96/29/28 119/30/29 93/30/29 
f 119/30/29 96/29/28 118/30/28 
f 119/30/29 91/29/30 93/30/29 
f 91/29/30 119/30/29 120/29/30 
f 120/29/30 90/29/17 91/29/30 
f 90/29/17 120/29/30 108/30/17 
f 121/29/31 116/29/31 115/29/31 
f 116/29/31 121/29/31 122/29/31 
f 116/29/31 122/29/31 117/29/31 
f 117/29/31 122/29/31 103/29/31 
f 103/29/31 122/29/31 76/29/31 
f 76/29/31 122/29/31 123/29/31 
f 76/29/31 123/29/31 74/29/31 
f 74/29/31 123/29/31 77/29/31 
f 77/29/31 123/29/31 124/29/31 
f 77/29/31 124/29/31 102/29/31 
f 102/29/31 124/29/31 100/29/31 
f 100/29/31 124/29/31 101/29/31 
f 101/29/31 124/29/31 125/29/31 
f 101/29/31 125/29/31 104/29/31 
f 104/29/31 125/29/31 105/29/31 
f 105/29/31 125/29/31 106/29/31 
f 106/29/31 125/29/31 126/29/31 
f 126/29/31 125/29/31 127/29/31 
f 127/29/31 125/29/31 128/29/31 
f 127/29/31 128/29/31 129/29/31 
f 129/29/31 128/29/31 130/29/31 
f 129/29/31 130/29/31 131/29/31 
f 131/29/31 130/29/31 132/29/31 
f 131/29/31 132/29/31 133/29/31 
f 134/29/31 135/29/31 136/29/31 
f 135/29/31 134/29/31 137/29/31 
f 137/29/31 134/29/31 138/29/31 
f 137/29/31 138/29/31 139/29/31 
f 139/29/31 138/29/31 140/29/31 
f 139/29/31 140/29/31 141/29/31 
f 141/29/31 140/29/31 121/29/31 
f 141/29/31 121/29/31 115/29/31 
f 141/29/31 115/29/31 114/29/31 
f 141/29/31 114/29/31 142/29/31 
f 142/29/31 114/29/31 113/29/31 
f 142/29/31 113/29/31 112/29/31 
f 142/29/31 112/29/31 111/29/31 
f 142/29/31 111/29/31 143/29/31 
f 143/29/31 111/29/31 110/29/31 
f 143/29/31 110/29/31 109/29/31 
f 143/29/31 109/29/31 144/29/31 
f 144/29/31 109/29/31 108/29/31 
f 144/29/31 108/29/31 120/29/31 
f 144/29/31 120/29/31 119/29/31 
f 144/29/31 119/29/31 126/29/31 
f 126/29/31 119/29/31 118/29/31 
f 126/29/31 118/29/31 107/31/31 
f 126/29/31 107/31/31 106/29/31 
f 145/31/32 146/31/32 147/31/32 
f 146/31/32 145/31/32 148/31/32 
f 146/31/32 148/31/32 149/31/32 
f 149/31/32 148/31/32 150/31/32 
f 149/31/32 150/31/32 151/31/32 
f 151/31/32 150/31/32 152/31/32 
f 151/31/32 152/31/32 153/31/32 
f 153/31/32 152/31/32 154/31/32 
f 153/31/32 154/31/32 155/31/32 
f 155/31/32 154/31/32 156/31/32 
f 155/31/32 156/31/32 157/31/32 
f 157/31/32 156/31/32 158/31/32 
f 157/31/32 158/31/32 159/31/32 
f 159/31/32 158/31/32 160/31/32 
f 159/31/32 160/31/32 161/31/32 
f 161/31/32 160/31/32 162/31/32 
f 161/31/32 162/31/32 163/31/32 
f 163/31/32 162/31/32 164/31/32 
f 163/31/32 164/31/32 165/31/32 
f 165/31/32 164/31/32 166/31/32 
f 165/31/32 166/31/32 167/31/32 
f 167/31/32 166/31/32 168/29/32 
f 131/31/33 164/29/34 129/31/35 
f 164/29/34 131/31/33 166/29/36 
f 133/31/37 167/31/38 168/29/39 
f 167/31/38 133/31/37 132/29/40 
f 121/31/41 155/29/42 122/31/43 
f 155/29/42 121/31/41 153/31/44 
f 146/29/45 136/31/46 147/29/47 
f 136/31/46 146/29/45 134/29/48 
f 114/29/32 116/29/32 115/29/32 
f 116/29/32 114/29/32 113/29/32 
f 116/29/32 113/29/32 117/29/32 
f 117/29/32 113/29/32 112/29/32 
f 117/29/32 112/29/32 103/29/32 
f 103/29/32 112/29/32 111/29/32 
f 103/29/32 111/29/32 76/29/32 
f 76/29/32 111/29/32 110/29/32 
f 76/29/32 110/29/32 74/29/32 
f 74/29/32 110/29/32 109/29/32 
f 74/29/32 109/29/32 77/29/32 
f 77/29/32 109/29/32 108/29/32 
f 77/29/32 108/29/32 102/29/32 
f 102/29/32 108/29/32 120/29/32 
f 102/29/32 120/29/32 100/29/32 
f 100/29/32 120/29/32 119/29/32 
f 100/29/32 119/29/32 101/29/32 
f 101/29/32 119/29/32 118/29/32 
f 101/29/32 118/29/32 104/29/32 
f 104/29/32 118/29/32 107/29/32 
f 104/29/32 107/29/32 105/29/32 
f 105/29/32 107/29/32 106/29/32 
f 142/31/49 152/29/50 141/31/51 
f 152/29/50 142/31/49 154/29/52 
f 143/31/53 154/29/52 142/31/49 
f 154/29/52 143/31/53 156/31/54 
f 161/29/55 128/29/56 125/31/57 
f 128/29/56 161/29/55 163/31/56 
f 148/29/58 135/29/59 137/31/60 
f 135/29/59 148/29/58 145/31/61 
f 150/29/62 137/31/60 139/31/62 
f 137/31/60 150/29/62 148/29/58 
f 159/29/63 125/31/57 124/31/64 
f 125/31/57 159/29/63 161/29/55 
f 151/29/65 138/31/66 149/29/67 
f 138/31/66 151/29/65 140/31/68 
f 141/31/51 150/29/62 139/31/62 
f 150/29/62 141/31/51 152/29/50 
f 160/29/69 144/29/70 126/31/71 
f 144/29/70 160/29/69 158/31/72 
f 158/31/72 143/31/53 144/29/70 
f 143/31/53 158/31/72 156/31/54 
f 157/29/73 124/31/64 123/29/74 
f 124/31/64 157/29/73 159/29/63 
f 130/31/75 163/31/56 165/31/76 
f 163/31/56 130/31/75 128/29/56 
f 122/31/43 157/29/73 123/29/74 
f 157/29/73 122/31/43 155/29/42 
f 132/29/40 165/31/76 167/31/38 
f 165/31/76 132/29/40 130/31/75 
f 162/29/77 126/31/71 127/32/78 
f 126/31/71 162/29/77 160/29/69 
f 140/31/68 153/31/44 121/31/41 
f 153/31/44 140/31/68 151/29/65 
f 133/31/37 166/29/36 131/31/33 
f 166/29/36 133/31/37 168/29/39 
f 145/31/61 136/31/46 135/29/59 
f 136/31/46 145/31/61 147/29/47 
f 129/31/35 162/29/77 127/32/78 
f 162/29/77 129/31/35 164/29/34 
f 149/29/67 134/29/48 146/29/45 
f 134/29/48 149/29/67 138/31/66 
f 102/30/10 92/29/8 89/29/10 
f 92/29/8 102/30/10 100/30/8 
f 169/33/79 170/32/79 171/34/79 
f 170/32/79 169/33/79 172/32/79 
f 173/35/79 174/32/79 175/36/79 
f 174/32/79 173/35/79 170/32/79 
f 174/32/79 170/32/79 172/32/79 
f 174/32/79 172/32/79 176/37/79 
f 174/32/79 176/37/79 177/36/79 
f 177/36/79 176/37/79 178/36/79 
f 177/36/79 179/36/79 174/32/79 
f 179/36/79 177/36/79 180/36/79 
f 181/37/80 182/35/80 183/36/80 
f 182/35/80 181/37/80 184/32/80 
f 183/36/80 185/32/80 186/33/80 
f 185/32/80 183/36/80 187/34/80 
f 187/34/80 183/36/80 188/36/80 
f 188/36/80 183/36/80 189/36/80 
f 189/36/80 183/36/80 182/35/80 
f 189/36/80 182/35/80 190/32/80 
f 187/34/80 191/32/80 192/32/80 
f 191/32/80 187/34/80 188/36/80 
f 186/32/81 173/32/81 175/32/81 
f 173/32/81 186/32/81 185/32/81 
f 173/33/82 187/33/82 170/32/82 
f 187/33/82 173/33/82 185/33/82 
f 170/32/83 192/32/83 171/33/83 
f 192/32/83 170/32/83 187/32/83 
f 192/32/84 169/32/84 171/32/84 
f 169/32/84 192/32/84 191/32/84 
f 191/34/85 172/32/85 169/34/85 
f 172/32/85 191/34/85 188/34/85 
f 172/36/86 189/36/86 176/34/86 
f 189/36/86 172/36/86 188/36/86 
f 176/36/87 190/36/87 178/36/87 
f 190/36/87 176/36/87 189/36/87 
f 180/36/88 181/36/88 179/36/88 
f 181/36/88 180/36/88 184/36/88 
f 179/35/89 183/35/89 174/36/89 
f 183/35/89 179/35/89 181/36/89 
f 190/37/90 177/36/90 178/37/90 
f 177/36/90 190/37/90 182/37/90 
f 182/36/91 180/37/91 177/36/91 
f 180/37/91 182/36/91 184/35/91 
f 183/32/92 175/35/92 174/32/92 
f 175/35/92 183/32/92 186/1/92 
usemtl 2
#RGBA 0 1 0 0
f 193/38/93 194/38/94 195/39/94 
f 194/38/94 193/38/93 196/40/93 
f 197/41/95 198/41/96 199/40/96 
f 198/41/96 197/41/95 200/42/97 
f 201/43/98 202/43/99 203/42/99 
f 202/43/99 201/43/98 204/44/98 
f 205/45/100 206/46/101 207/47/102 
f 206/46/101 205/45/100 208/43/103 
f 209/42/104 210/43/105 211/42/104 
f 210/43/105 209/42/104 212/48/105 
f 213/49/106 214/48/107 215/49/108 
f 214/48/107 213/49/106 216/41/107 
f 212/48/105 217/41/109 210/43/105 
f 217/41/109 212/48/105 218/50/109 
f 219/51/110 220/51/111 221/50/112 
f 220/51/111 219/51/110 222/52/110 
f 207/47/102 223/53/113 224/54/114 
f 223/53/113 207/47/102 206/46/101 
f 202/43/99 225/54/115 203/42/99 
f 225/54/115 202/43/99 226/55/115 
f 199/40/96 204/44/98 201/43/98 
f 204/44/98 199/40/96 198/41/96 
f 227/55/116 196/40/93 193/38/93 
f 196/40/93 227/55/116 228/56/116 
f 229/41/117 217/40/117 230/38/117 
f 217/40/117 229/41/117 231/42/117 
f 217/40/117 231/42/117 210/39/117 
f 210/39/117 231/42/117 232/43/117 
f 210/39/117 232/43/117 211/55/117 
f 211/55/117 232/43/117 233/54/117 
f 211/55/117 233/54/117 234/49/117 
f 234/49/117 233/54/117 214/50/117 
f 214/50/117 233/54/117 219/48/117 
f 214/50/117 219/48/117 215/51/117 
f 215/51/117 219/48/117 221/49/117 
f 215/51/117 221/49/117 235/50/117 
f 235/50/117 221/49/117 236/54/117 
f 235/50/117 236/54/117 225/55/117 
f 225/55/117 236/54/117 227/43/117 
f 225/55/117 227/43/117 203/39/117 
f 203/39/117 227/43/117 193/42/117 
f 203/39/117 193/42/117 201/38/117 
f 201/38/117 193/42/117 195/41/117 
f 201/38/117 195/41/117 199/56/117 
f 199/56/117 195/41/117 237/40/117 
f 199/56/117 237/40/117 197/56/117 
f 237/56/118 200/42/97 197/41/95 
f 200/42/97 237/56/118 238/57/118 
f 195/39/94 238/57/118 237/56/118 
f 238/57/118 195/39/94 194/38/94 
f 239/58/119 240/59/120 241/60/121 
f 240/59/120 239/58/119 242/61/122 
f 243/62/123 244/63/124 245/64/125 
f 244/63/124 243/62/123 246/59/126 
f 242/61/122 247/57/127 240/59/120 
f 247/57/127 242/61/122 248/65/128 
f 249/66/129 241/60/121 250/67/130 
f 241/60/121 249/66/129 239/58/119 
f 251/40/131 252/68/132 253/69/133 
f 252/68/132 251/40/131 254/40/134 
f 255/67/135 256/68/136 257/69/137 
f 256/68/136 255/67/135 258/64/138 
f 224/54/114 244/63/124 246/59/126 
f 244/63/124 224/54/114 223/53/113 
f 259/52/139 260/53/140 261/62/141 
f 260/53/140 259/52/139 262/70/139 
f 263/71/142 264/72/143 265/73/143 
f 264/72/143 263/71/142 266/63/144 
f 267/74/145 268/75/146 269/61/147 
f 268/75/146 267/74/145 270/38/148 
f 271/39/149 232/38/150 231/39/149 
f 232/38/150 271/39/149 272/50/150 
f 236/50/151 228/56/116 227/55/116 
f 228/56/116 236/50/151 273/67/151 
f 221/50/112 273/67/151 236/50/151 
f 273/67/151 221/50/112 220/51/111 
f 251/75/152 269/69/152 254/73/152 
f 269/69/152 251/75/152 274/63/152 
f 269/69/152 274/63/152 267/71/152 
f 267/71/152 274/63/152 275/62/152 
f 267/71/152 275/62/152 262/65/152 
f 262/65/152 275/62/152 276/52/152 
f 262/65/152 276/52/152 260/57/152 
f 260/57/152 276/52/152 248/45/152 
f 260/57/152 248/45/152 277/60/152 
f 277/60/152 248/45/152 242/47/152 
f 277/60/152 242/47/152 208/57/152 
f 208/57/152 242/47/152 239/45/152 
f 208/57/152 239/45/152 206/65/152 
f 206/65/152 239/45/152 249/52/152 
f 206/65/152 249/52/152 223/71/152 
f 223/71/152 249/52/152 264/62/152 
f 223/71/152 264/62/152 244/73/152 
f 244/73/152 264/62/152 266/63/152 
f 244/73/152 266/63/152 245/67/152 
f 245/67/152 266/63/152 256/75/152 
f 245/67/152 256/75/152 278/69/152 
f 278/69/152 256/75/152 258/73/152 
f 274/70/153 253/69/133 279/49/154 
f 253/69/133 274/70/153 251/40/131 
f 226/55/115 235/49/155 225/54/115 
f 235/49/155 226/55/115 280/40/155 
f 218/50/109 230/40/156 217/41/109 
f 230/40/156 218/50/109 281/56/157 
f 281/56/157 229/56/158 230/40/156 
f 229/56/158 281/56/157 282/55/158 
f 282/55/158 231/39/149 229/56/158 
f 231/39/149 282/55/158 271/39/149 
f 232/38/150 283/55/159 233/45/159 
f 283/55/159 232/38/150 272/50/150 
f 254/40/134 268/75/146 252/68/132 
f 268/75/146 254/40/134 269/61/147 
f 261/62/141 277/46/160 284/74/161 
f 277/46/160 261/62/141 260/53/140 
f 257/69/137 266/63/144 263/71/142 
f 266/63/144 257/69/137 256/68/136 
f 262/70/139 270/38/148 267/74/145 
f 270/38/148 262/70/139 259/52/139 
f 285/75/162 258/64/138 255/67/135 
f 258/64/138 285/75/162 278/41/163 
f 218/56/152 282/40/152 281/42/152 
f 282/40/152 218/56/152 212/38/152 
f 282/40/152 212/38/152 271/43/152 
f 271/43/152 212/38/152 209/39/152 
f 271/43/152 209/39/152 272/54/152 
f 272/54/152 209/39/152 286/55/152 
f 272/54/152 286/55/152 283/49/152 
f 283/49/152 286/55/152 216/50/152 
f 283/49/152 216/50/152 222/48/152 
f 222/48/152 216/50/152 213/51/152 
f 222/48/152 213/51/152 220/49/152 
f 220/49/152 213/51/152 280/50/152 
f 220/49/152 280/50/152 273/54/152 
f 273/54/152 280/50/152 226/55/152 
f 273/54/152 226/55/152 228/43/152 
f 228/43/152 226/55/152 202/39/152 
f 228/43/152 202/39/152 196/42/152 
f 196/42/152 202/39/152 204/38/152 
f 196/42/152 204/38/152 194/41/152 
f 194/41/152 204/38/152 198/56/152 
f 194/41/152 198/56/152 238/40/152 
f 238/40/152 198/56/152 200/66/152 
f 285/75/162 245/64/125 278/41/163 
f 245/64/125 285/75/162 243/62/123 
f 248/65/128 287/65/164 247/57/127 
f 287/65/164 248/65/128 276/71/165 
f 264/72/143 250/67/130 265/73/143 
f 250/67/130 264/72/143 249/66/129 
f 275/72/166 279/49/154 288/54/167 
f 279/49/154 275/72/166 274/70/153 
f 284/74/161 208/43/103 205/45/100 
f 208/43/103 284/74/161 277/46/160 
f 276/71/165 288/54/167 287/65/164 
f 288/54/167 276/71/165 275/72/166 
f 233/45/159 222/52/110 219/51/110 
f 222/52/110 233/45/159 283/55/159 
f 280/40/155 215/49/108 235/49/155 
f 215/49/108 280/40/155 213/49/106 
f 216/41/107 234/54/168 214/48/107 
f 234/54/168 216/41/107 286/53/168 
f 286/53/168 211/42/104 234/54/168 
f 211/42/104 286/53/168 209/42/104 
f 261/56/117 282/40/117 281/46/117 
f 282/40/117 261/56/117 284/38/117 
f 282/40/117 284/38/117 271/39/117 
f 271/39/117 284/38/117 272/55/117 
f 272/55/117 284/38/117 283/44/117 
f 283/44/117 284/38/117 205/50/117 
f 283/44/117 205/50/117 222/51/117 
f 222/51/117 205/50/117 220/46/117 
f 220/46/117 205/50/117 207/50/117 
f 220/46/117 207/50/117 273/55/117 
f 273/55/117 207/50/117 228/39/117 
f 228/39/117 207/50/117 196/53/117 
f 196/53/117 207/50/117 224/38/117 
f 196/53/117 224/38/117 194/56/117 
f 194/56/117 224/38/117 238/40/117 
f 238/40/117 224/38/117 200/66/117 
f 200/66/117 224/38/117 250/72/117 
f 250/72/117 224/38/117 265/64/117 
f 265/64/117 224/38/117 246/70/117 
f 265/64/117 246/70/117 263/61/117 
f 263/61/117 246/70/117 243/68/117 
f 263/61/117 243/68/117 257/74/117 
f 257/74/117 243/68/117 285/40/117 
f 257/74/117 285/40/117 255/74/117 
f 268/68/117 253/40/117 252/70/117 
f 253/40/117 268/68/117 279/61/117 
f 279/61/117 268/68/117 270/72/117 
f 279/61/117 270/72/117 288/64/117 
f 288/64/117 270/72/117 259/66/117 
f 288/64/117 259/66/117 287/41/117 
f 287/41/117 259/66/117 261/56/117 
f 287/41/117 261/56/117 281/46/117 
f 287/41/117 281/46/117 218/59/117 
f 287/41/117 218/59/117 247/42/117 
f 247/42/117 218/59/117 212/43/117 
f 247/42/117 212/43/117 209/54/117 
f 247/42/117 209/54/117 286/58/117 
f 247/42/117 286/58/117 240/49/117 
f 240/49/117 286/58/117 216/48/117 
f 240/49/117 216/48/117 213/49/117 
f 240/49/117 213/49/117 280/59/117 
f 240/49/117 280/59/117 241/54/117 
f 241/54/117 280/59/117 226/43/117 
f 241/54/117 226/43/117 202/42/117 
f 241/54/117 202/42/117 250/72/117 
f 250/72/117 202/42/117 204/41/117 
f 250/72/117 204/41/117 198/76/117 
f 250/72/117 198/76/117 200/66/117 
f 289/77/169 290/78/169 291/79/169 
f 290/78/169 289/77/169 292/76/169 
f 293/78/170 291/78/170 294/76/170 
f 291/78/170 293/78/170 289/80/170 
f 295/76/171 293/78/171 294/81/171 
f 293/78/171 295/76/171 296/81/171 
f 296/82/172 297/76/172 293/83/172 
f 297/76/172 296/82/172 298/79/172 
f 293/83/172 292/76/172 289/79/172 
f 292/76/172 293/83/172 299/84/172 
f 299/84/172 293/83/172 300/85/172 
f 300/85/172 293/83/172 297/76/172 
f 300/85/172 297/76/172 301/86/172 
f 302/81/173 296/80/173 295/83/173 
f 296/80/173 302/81/173 298/83/173 
f 298/87/174 303/82/174 297/86/174 
f 303/82/174 298/87/174 302/85/174 
f 301/87/175 303/88/175 304/82/175 
f 303/88/175 301/87/175 297/89/175 
f 305/85/173 301/88/173 304/84/173 
f 301/88/173 305/85/173 300/79/173 
f 299/77/176 290/79/176 292/77/176 
f 290/79/176 299/77/176 306/77/176 
f 306/84/177 300/89/177 305/79/177 
f 300/89/177 306/84/177 299/77/177 
f 306/78/178 291/77/178 290/78/178 
f 291/77/178 306/78/178 294/89/178 
f 294/89/178 306/78/178 305/87/178 
f 294/89/178 305/87/178 303/88/178 
f 303/88/178 305/87/178 304/80/178 
f 303/88/178 295/86/178 294/89/178 
f 295/86/178 303/88/178 302/30/178 
usemtl 3
#RGBA 0 0 1 1
f 307/1/1 50/2/1 51/90/1 
f 50/2/1 307/1/1 308/3/1 
f 50/2/1 308/3/1 53/4/1 
f 53/4/1 308/3/1 55/5/1 
f 55/5/1 308/3/1 57/91/1 
f 57/91/1 308/3/1 309/6/1 
f 57/91/1 309/6/1 59/8/1 
f 59/8/1 309/6/1 61/92/1 
f 61/92/1 309/6/1 310/9/1 
f 61/92/1 310/9/1 63/10/1 
f 63/10/1 310/9/1 65/11/1 
f 65/11/1 310/9/1 67/93/1 
f 67/93/1 310/9/1 311/12/1 
f 67/93/1 311/12/1 69/13/1 
f 69/13/1 311/12/1 71/14/1 
f 71/14/1 311/12/1 72/93/1 
f 72/93/1 311/12/1 312/94/1 
f 312/94/1 311/12/1 313/94/1 
f 313/94/1 311/12/1 314/95/1 
f 313/94/1 314/95/1 315/95/1 
f 315/95/1 314/95/1 316/96/1 
f 315/95/1 316/96/1 317/96/1 
f 317/96/1 316/96/1 318/97/1 
f 317/96/1 318/97/1 319/98/1 
f 320/98/1 321/99/1 322/100/1 
f 321/99/1 320/98/1 323/100/1 
f 323/100/1 320/98/1 324/101/1 
f 323/100/1 324/101/1 325/101/1 
f 325/101/1 324/101/1 326/102/1 
f 325/101/1 326/102/1 327/1/1 
f 327/1/1 326/102/1 307/1/1 
f 327/1/1 307/1/1 51/90/1 
f 327/1/1 51/90/1 49/90/1 
f 327/1/1 49/90/1 328/3/1 
f 328/3/1 49/90/1 52/4/1 
f 328/3/1 52/4/1 54/5/1 
f 328/3/1 54/5/1 56/103/1 
f 328/3/1 56/103/1 329/6/1 
f 329/6/1 56/103/1 58/7/1 
f 329/6/1 58/7/1 60/92/1 
f 329/6/1 60/92/1 330/9/1 
f 330/9/1 60/92/1 62/10/1 
f 330/9/1 62/10/1 64/11/1 
f 330/9/1 64/11/1 66/12/1 
f 330/9/1 66/12/1 312/94/1 
f 312/94/1 66/12/1 68/13/1 
f 312/94/1 68/13/1 70/6/1 
f 312/94/1 70/6/1 72/93/1 
f 59/8/179 13/6/180 11/8/179 
f 13/6/180 59/8/179 61/9/180 
f 61/9/180 15/9/181 13/6/180 
f 15/9/181 61/9/180 63/13/181 
f 23/14/182 72/14/183 24/13/183 
f 72/14/183 23/14/182 71/13/182 
f 24/13/183 70/13/184 22/12/184 
f 70/13/184 24/13/183 72/14/183 
f 22/12/184 68/12/185 20/11/185 
f 68/12/185 22/12/184 70/13/184 
f 20/11/185 66/11/186 18/10/186 
f 66/11/186 20/11/185 68/12/185 
f 66/11/186 16/10/187 18/10/186 
f 16/10/187 66/11/186 64/9/187 
f 64/9/187 14/9/188 16/10/187 
f 14/9/188 64/9/187 62/7/188 
f 62/7/188 12/7/189 14/9/188 
f 12/7/189 62/7/188 60/4/189 
f 55/3/190 5/3/191 53/4/191 
f 5/3/191 55/3/190 7/1/190 
f 50/2/192 3/2/193 51/1/193 
f 3/2/193 50/2/192 1/3/192 
f 52/4/194 6/4/195 54/3/195 
f 6/4/195 52/4/194 4/5/194 
f 55/3/190 9/5/196 7/1/190 
f 9/5/196 55/3/190 57/1/196 
f 57/1/196 11/8/179 9/5/196 
f 11/8/179 57/1/196 59/8/179 
f 53/4/191 1/3/192 50/2/192 
f 1/3/192 53/4/191 5/3/191 
f 49/1/197 4/5/194 52/4/194 
f 4/5/194 49/1/197 2/6/197 
f 51/1/193 2/6/197 49/1/197 
f 2/6/197 51/1/193 3/2/193 
f 60/4/189 10/6/198 12/7/189 
f 10/6/198 60/4/189 58/5/198 
f 58/5/198 8/5/199 10/6/198 
f 8/5/199 58/5/198 56/10/199 
f 56/10/199 6/4/195 8/5/199 
f 6/4/195 56/10/199 54/3/195 
f 63/13/181 17/10/200 15/9/181 
f 17/10/200 63/13/181 65/11/200 
f 65/11/200 19/11/201 17/10/200 
f 19/11/201 65/11/200 67/12/201 
f 19/11/201 69/12/202 21/22/202 
f 69/12/202 19/11/201 67/12/201 
f 21/22/202 71/13/182 23/14/182 
f 71/13/182 21/22/202 69/12/202 
f 39/93/203 311/92/204 310/23/205 
f 311/92/204 39/93/203 41/20/206 
f 35/91/207 309/90/208 308/21/209 
f 309/90/208 35/91/207 37/17/210 
f 28/98/211 321/100/212 323/15/213 
f 321/100/212 28/98/211 25/21/214 
f 36/90/215 328/103/216 329/20/217 
f 328/103/216 36/90/215 34/96/218 
f 317/25/219 44/95/220 315/26/221 
f 44/95/220 317/25/219 46/97/222 
f 319/27/223 46/97/222 317/25/219 
f 46/97/222 319/27/223 48/18/224 
f 31/100/225 324/17/226 29/101/227 
f 324/17/226 31/100/225 326/23/225 
f 40/92/228 330/93/229 312/22/230 
f 330/93/229 40/92/228 38/24/231 
f 42/94/232 312/22/230 313/98/232 
f 312/22/230 42/94/232 40/92/228 
f 29/101/227 320/15/233 26/19/234 
f 320/15/233 29/101/227 324/17/226 
f 32/101/235 325/102/236 327/18/237 
f 325/102/236 32/101/235 30/96/238 
f 315/26/221 42/94/232 313/98/232 
f 42/94/232 315/26/221 44/95/220 
f 318/25/239 45/26/240 47/95/241 
f 45/26/240 318/25/239 316/99/242 
f 319/27/223 47/95/241 48/18/224 
f 47/95/241 319/27/223 318/25/239 
f 26/19/234 322/16/243 27/102/244 
f 322/16/243 26/19/234 320/15/233 
f 31/100/225 307/19/245 326/23/225 
f 307/19/245 31/100/225 33/24/246 
f 25/21/214 322/16/243 321/100/212 
f 322/16/243 25/21/214 27/102/244 
f 33/24/246 308/21/209 307/19/245 
f 308/21/209 33/24/246 35/91/207 
f 316/99/242 43/94/247 45/26/240 
f 43/94/247 316/99/242 314/104/248 
f 30/96/238 323/15/213 325/102/236 
f 323/15/213 30/96/238 28/98/211 
f 37/17/210 310/23/205 309/90/208 
f 310/23/205 37/17/210 39/93/203 
f 38/24/231 329/20/217 330/93/229 
f 329/20/217 38/24/231 36/90/215 
f 41/20/206 314/104/248 311/92/204 
f 314/104/248 41/20/206 43/94/247 
f 34/96/218 327/18/237 328/103/216 
f 327/18/237 34/96/218 32/101/235 
f 331/105/249 332/104/249 333/105/249 
f 332/104/249 331/105/249 334/106/249 
f 335/107/250 336/108/250 337/109/250 
f 336/108/250 335/107/250 338/108/250 
f 337/107/249 339/108/249 340/107/249 
f 339/108/249 337/107/249 336/110/249 
f 341/105/250 334/104/250 331/111/250 
f 334/104/250 341/105/250 342/108/250 
f 337/106/251 343/106/251 335/112/251 
f 343/106/251 337/106/251 344/113/251 
f 344/113/251 345/113/251 346/110/251 
f 345/113/251 344/113/251 341/108/251 
f 341/108/251 344/113/251 340/104/251 
f 340/104/251 344/113/251 337/106/251 
f 341/108/251 333/104/251 345/113/251 
f 333/104/251 341/108/251 331/113/251 
f 346/114/252 347/112/252 344/115/252 
f 347/112/252 346/114/252 348/109/252 
f 338/106/253 343/109/253 349/106/253 
f 343/109/253 338/106/253 335/115/253 
f 348/113/253 345/115/253 350/113/253 
f 345/115/253 348/113/253 346/105/253 
f 332/113/254 345/104/254 333/115/254 
f 345/104/254 332/113/254 350/108/254 
f 340/111/255 342/110/255 341/107/255 
f 342/110/255 340/111/255 339/114/255 
f 347/106/254 343/112/254 344/109/254 
f 343/112/254 347/106/254 349/105/254 
f 332/115/256 348/115/256 350/111/256 
f 348/115/256 332/115/256 342/105/256 
f 342/105/256 332/115/256 334/114/256 
f 342/105/256 347/107/256 348/115/256 
f 347/107/256 342/105/256 339/109/256 
f 347/107/256 338/109/256 349/107/256 
f 338/109/256 347/107/256 336/39/256 
f 336/39/256 347/107/256 339/109/256 
usemtl 4
#RGBA 0 0 0 0
f 351/116/257 352/117/258 353/118/259 
f 354/119/260 353/118/259 355/120/261 
f 353/118/259 354/119/260 351/116/257 
f 356/121/262 355/120/261 357/122/263 
f 355/120/261 356/121/262 354/119/260 
f 358/123/264 357/122/263 359/124/265 
f 357/122/263 358/123/264 356/121/262 
f 358/123/264 360/125/266 361/126/267 
f 360/125/266 358/123/264 359/124/265 
f 361/126/267 362/127/268 363/128/269 
f 362/127/268 361/126/267 360/125/266 
f 363/128/269 364/129/270 365/126/271 
f 364/129/270 363/128/269 362/127/268 
f 365/126/271 366/127/272 367/124/273 
f 366/127/272 365/126/271 364/129/270 
f 367/124/273 368/125/274 369/123/275 
f 368/125/274 367/124/273 366/127/272 
f 369/123/275 370/122/276 371/121/277 
f 370/122/276 369/123/275 368/125/274 
f 372/120/278 371/121/277 370/122/276 
f 371/121/277 372/120/278 373/119/279 
f 374/118/280 373/119/279 372/120/278 
f 373/119/279 374/118/280 375/117/281 
f 376/130/282 375/117/281 374/118/280 
f 375/117/281 376/130/282 377/116/283 
f 378/117/284 377/116/283 376/130/282 
f 379/119/285 352/117/258 351/116/257 
f 380/121/286 351/116/257 354/119/260 
f 351/116/257 380/121/286 379/119/285 
f 381/123/287 354/119/260 356/121/262 
f 354/119/260 381/123/287 380/121/286 
f 382/124/288 356/121/262 358/123/264 
f 356/121/262 382/124/288 381/123/287 
f 382/124/288 361/126/267 383/126/289 
f 361/126/267 382/124/288 358/123/264 
f 383/126/289 363/128/269 384/128/290 
f 363/128/269 383/126/289 361/126/267 
f 384/128/290 365/126/271 385/126/291 
f 365/126/271 384/128/290 363/128/269 
f 385/126/291 367/124/273 386/124/292 
f 367/124/273 385/126/291 365/126/271 
f 386/124/292 369/123/275 387/123/293 
f 369/123/275 386/124/292 367/124/273 
f 387/123/293 371/121/277 388/121/294 
f 371/121/277 387/123/293 369/123/275 
f 389/119/295 371/121/277 373/119/279 
f 371/121/277 389/119/295 388/121/294 
f 390/117/296 373/119/279 375/117/281 
f 373/119/279 390/117/296 389/119/295 
f 391/131/297 375/117/281 377/116/283 
f 375/117/281 391/131/297 390/117/296 
f 391/131/297 377/116/283 378/117/284 
f 392/132/298 352/117/258 379/119/285 
f 380/121/286 392/132/298 379/119/285 
f 392/132/298 380/121/286 393/133/299 
f 381/123/287 393/133/299 380/121/286 
f 393/133/299 381/123/287 394/134/300 
f 382/124/288 394/134/300 381/123/287 
f 394/134/300 382/124/288 395/135/301 
f 395/135/301 383/126/289 396/136/302 
f 383/126/289 395/135/301 382/124/288 
f 396/136/302 384/128/290 397/137/303 
f 384/128/290 396/136/302 383/126/289 
f 397/137/303 385/126/291 398/136/304 
f 385/126/291 397/137/303 384/128/290 
f 398/136/304 386/124/292 399/135/305 
f 386/124/292 398/136/304 385/126/291 
f 399/135/305 387/123/293 400/134/306 
f 387/123/293 399/135/305 386/124/292 
f 400/134/306 388/121/294 401/133/307 
f 388/121/294 400/134/306 387/123/293 
f 402/132/308 388/121/294 389/119/295 
f 388/121/294 402/132/308 401/133/307 
f 403/131/309 389/119/295 390/117/296 
f 389/119/295 403/131/309 402/132/308 
f 404/138/310 390/117/296 391/131/297 
f 390/117/296 404/138/310 403/131/309 
f 404/138/310 391/131/297 378/117/284 
f 405/139/311 352/117/258 392/132/298 
f 393/133/299 405/139/311 392/132/298 
f 405/139/311 393/133/299 406/140/312 
f 394/134/300 406/140/312 393/133/299 
f 406/140/312 394/134/300 407/141/313 
f 395/135/301 407/141/313 394/134/300 
f 407/141/313 395/135/301 408/142/314 
f 408/142/314 396/136/302 409/143/315 
f 396/136/302 408/142/314 395/135/301 
f 409/143/315 397/137/303 410/144/316 
f 397/137/303 409/143/315 396/136/302 
f 410/144/316 398/136/304 411/143/317 
f 398/136/304 410/144/316 397/137/303 
f 411/143/317 399/135/305 412/142/318 
f 399/135/305 411/143/317 398/136/304 
f 412/142/318 400/134/306 413/141/319 
f 400/134/306 412/142/318 399/135/305 
f 413/141/319 401/133/307 414/140/320 
f 401/133/307 413/141/319 400/134/306 
f 415/139/321 401/133/307 402/132/308 
f 401/133/307 415/139/321 414/140/320 
f 416/138/322 402/132/308 403/131/309 
f 402/132/308 416/138/322 415/139/321 
f 417/145/323 403/131/309 404/138/310 
f 403/131/309 417/145/323 416/138/322 
f 417/145/323 404/138/310 378/117/284 
f 418/146/324 352/117/258 405/139/311 
f 406/140/312 418/146/324 405/139/311 
f 418/146/324 406/140/312 419/147/325 
f 407/141/313 419/147/325 406/140/312 
f 419/147/325 407/141/313 420/148/326 
f 408/142/314 420/148/326 407/141/313 
f 420/148/326 408/142/314 421/149/327 
f 422/150/328 408/142/314 409/143/315 
f 408/142/314 422/150/328 421/149/327 
f 423/151/329 409/143/315 410/144/316 
f 409/143/315 423/151/329 422/150/328 
f 424/150/330 410/144/316 411/143/317 
f 410/144/316 424/150/330 423/151/329 
f 412/142/318 424/150/330 411/143/317 
f 424/150/330 412/142/318 425/149/331 
f 413/141/319 425/149/331 412/142/318 
f 425/149/331 413/141/319 426/148/332 
f 414/140/320 426/148/332 413/141/319 
f 426/148/332 414/140/320 427/147/333 
f 428/146/334 414/140/320 415/139/321 
f 414/140/320 428/146/334 427/147/333 
f 429/145/335 415/139/321 416/138/322 
f 415/139/321 429/145/335 428/146/334 
f 430/152/336 416/138/322 417/145/323 
f 416/138/322 430/152/336 429/145/335 
f 430/152/336 417/145/323 378/117/284 
f 431/153/337 352/117/258 418/146/324 
f 419/147/325 431/153/337 418/146/324 
f 431/153/337 419/147/325 432/154/338 
f 420/148/326 432/154/338 419/147/325 
f 432/154/338 420/148/326 433/155/339 
f 421/149/327 433/155/339 420/148/326 
f 433/155/339 421/149/327 434/156/340 
f 435/157/341 421/149/327 422/150/328 
f 421/149/327 435/157/341 434/156/340 
f 436/157/342 422/150/328 423/151/329 
f 422/150/328 436/157/342 435/157/341 
f 426/148/332 437/156/343 425/149/331 
f 437/156/343 426/148/332 438/155/344 
f 427/147/333 438/155/344 426/148/332 
f 438/155/344 427/147/333 439/154/345 
f 440/153/346 427/147/333 428/146/334 
f 427/147/333 440/153/346 439/154/345 
f 441/152/347 428/146/334 429/145/335 
f 428/146/334 441/152/347 440/153/346 
f 442/116/348 429/145/335 430/152/336 
f 429/145/335 442/116/348 441/152/347 
f 442/116/348 430/152/336 378/117/284 
f 443/116/349 352/117/258 431/153/337 
f 432/154/338 443/116/349 431/153/337 
f 443/116/349 432/154/338 444/116/350 
f 433/155/339 444/116/350 432/154/338 
f 444/116/350 433/155/339 445/116/351 
f 434/156/340 445/116/351 433/155/339 
f 445/116/351 434/156/340 446/116/352 
f 447/116/353 434/156/340 435/157/341 
f 434/156/340 447/116/353 446/116/352 
f 448/116/354 435/157/341 436/157/342 
f 435/157/341 448/116/354 447/116/353 
f 439/154/345 449/116/355 438/155/344 
f 449/116/355 439/154/345 450/116/356 
f 451/116/357 439/154/345 440/153/346 
f 439/154/345 451/116/357 450/116/356 
f 452/116/358 440/153/346 441/152/347 
f 440/153/346 452/116/358 451/116/357 
f 453/158/359 441/152/347 442/116/348 
f 441/152/347 453/158/359 452/116/358 
f 453/158/359 442/116/348 378/117/284 
f 443/116/349 454/159/360 352/117/258 
f 443/116/349 455/160/361 454/159/360 
f 455/160/361 443/116/349 444/116/350 
f 444/116/350 456/161/362 455/160/361 
f 456/161/362 444/116/350 445/116/351 
f 445/116/351 457/162/363 456/161/362 
f 457/162/363 445/116/351 446/116/352 
f 458/163/364 446/116/352 447/116/353 
f 446/116/352 458/163/364 457/162/363 
f 459/161/365 447/116/353 448/116/354 
f 447/116/353 459/161/365 458/163/364 
f 460/162/366 449/116/355 450/116/356 
f 449/116/355 460/162/366 461/160/367 
f 460/162/366 451/116/357 462/159/368 
f 451/116/357 460/162/366 450/116/356 
f 462/159/368 452/116/358 463/158/369 
f 452/116/358 462/159/368 451/116/357 
f 463/158/369 453/158/359 464/164/370 
f 453/158/359 463/158/369 452/116/358 
f 453/158/359 378/117/284 464/164/370 
f 454/159/360 465/165/371 352/117/258 
f 454/159/360 466/166/372 465/165/371 
f 466/166/372 454/159/360 455/160/361 
f 455/160/361 467/167/373 466/166/372 
f 467/167/373 455/160/361 456/161/362 
f 456/161/362 468/168/374 467/167/373 
f 468/168/374 456/161/362 457/162/363 
f 458/163/364 468/168/374 457/162/363 
f 468/168/374 458/163/364 469/169/375 
f 459/161/365 469/169/375 458/163/364 
f 469/169/375 459/161/365 470/168/376 
f 471/163/377 472/169/378 461/160/367 
f 472/169/378 471/163/377 473/167/379 
f 474/166/380 461/160/367 460/162/366 
f 461/160/367 474/166/380 471/163/377 
f 474/166/380 462/159/368 475/165/381 
f 462/159/368 474/166/380 460/162/366 
f 475/165/381 463/158/369 476/164/382 
f 463/158/369 475/165/381 462/159/368 
f 476/164/382 464/164/370 477/170/383 
f 464/164/370 476/164/382 463/158/369 
f 464/164/370 378/117/284 477/170/383 
f 465/165/371 478/171/384 352/117/258 
f 465/165/371 479/172/385 478/171/384 
f 479/172/385 465/165/371 466/166/372 
f 466/166/372 480/173/386 479/172/385 
f 480/173/386 466/166/372 467/167/373 
f 467/167/373 481/174/387 480/173/386 
f 481/174/387 467/167/373 468/168/374 
f 469/169/375 481/174/387 468/168/374 
f 481/174/387 469/169/375 482/175/388 
f 470/168/376 482/175/388 469/169/375 
f 482/175/388 470/168/376 483/176/389 
f 484/177/390 483/176/389 470/168/376 
f 483/176/389 484/177/390 485/175/391 
f 486/174/392 484/177/390 473/167/379 
f 484/177/390 486/174/392 485/175/391 
f 487/173/393 473/167/379 471/163/377 
f 473/167/379 487/173/393 486/174/392 
f 488/172/394 471/163/377 474/166/380 
f 471/163/377 488/172/394 487/173/393 
f 488/172/394 475/165/381 489/171/395 
f 475/165/381 488/172/394 474/166/380 
f 489/171/395 476/164/382 490/170/396 
f 476/164/382 489/171/395 475/165/381 
f 490/170/396 477/170/383 491/178/397 
f 477/170/383 490/170/396 476/164/382 
f 477/170/383 378/117/284 491/178/397 
f 478/171/384 492/179/398 352/117/258 
f 478/171/384 493/180/399 492/179/398 
f 493/180/399 478/171/384 479/172/385 
f 479/172/385 494/181/400 493/180/399 
f 494/181/400 479/172/385 480/173/386 
f 480/173/386 495/182/401 494/181/400 
f 495/182/401 480/173/386 481/174/387 
f 495/182/401 482/175/388 496/183/402 
f 482/175/388 495/182/401 481/174/387 
f 496/183/402 483/176/389 497/184/403 
f 483/176/389 496/183/402 482/175/388 
f 497/184/403 485/175/391 498/183/404 
f 485/175/391 497/184/403 483/176/389 
f 498/183/404 486/174/392 499/182/405 
f 486/174/392 498/183/404 485/175/391 
f 499/182/405 487/173/393 500/181/406 
f 487/173/393 499/182/405 486/174/392 
f 500/181/406 488/172/394 501/180/407 
f 488/172/394 500/181/406 487/173/393 
f 501/180/407 489/171/395 502/179/408 
f 489/171/395 501/180/407 488/172/394 
f 502/179/408 490/170/396 503/178/409 
f 490/170/396 502/179/408 489/171/395 
f 503/178/409 491/178/397 504/185/410 
f 491/178/397 503/178/409 490/170/396 
f 491/178/397 378/117/284 504/185/410 
f 492/179/398 505/186/411 352/117/258 
f 492/179/398 506/187/412 505/186/411 
f 506/187/412 492/179/398 493/180/399 
f 493/180/399 507/188/413 506/187/412 
f 507/188/413 493/180/399 494/181/400 
f 494/181/400 508/189/414 507/188/413 
f 508/189/414 494/181/400 495/182/401 
f 508/189/414 496/183/402 509/190/415 
f 496/183/402 508/189/414 495/182/401 
f 509/190/415 497/184/403 510/191/416 
f 497/184/403 509/190/415 496/183/402 
f 510/191/416 498/183/404 511/190/417 
f 498/183/404 510/191/416 497/184/403 
f 511/190/417 499/182/405 512/189/418 
f 499/182/405 511/190/417 498/183/404 
f 512/189/418 500/181/406 513/188/419 
f 500/181/406 512/189/418 499/182/405 
f 513/188/419 501/180/407 514/187/420 
f 501/180/407 513/188/419 500/181/406 
f 514/187/420 502/179/408 515/186/421 
f 502/179/408 514/187/420 501/180/407 
f 515/186/421 503/178/409 516/185/422 
f 503/178/409 515/186/421 502/179/408 
f 516/185/422 504/185/410 517/192/423 
f 504/185/410 516/185/422 503/178/409 
f 504/185/410 378/117/284 517/192/423 
f 505/186/411 518/193/424 352/117/258 
f 505/186/411 519/194/425 518/193/424 
f 519/194/425 505/186/411 506/187/412 
f 506/187/412 520/195/426 519/194/425 
f 520/195/426 506/187/412 507/188/413 
f 507/188/413 521/196/427 520/195/426 
f 521/196/427 507/188/413 508/189/414 
f 521/196/427 509/190/415 522/197/428 
f 509/190/415 521/196/427 508/189/414 
f 522/197/428 510/191/416 523/198/429 
f 510/191/416 522/197/428 509/190/415 
f 523/198/429 511/190/417 524/197/430 
f 511/190/417 523/198/429 510/191/416 
f 524/197/430 512/189/418 525/196/431 
f 512/189/418 524/197/430 511/190/417 
f 525/196/431 513/188/419 526/195/432 
f 513/188/419 525/196/431 512/189/418 
f 526/195/432 514/187/420 527/194/433 
f 514/187/420 526/195/432 513/188/419 
f 514/187/420 528/193/434 527/194/433 
f 528/193/434 514/187/420 515/186/421 
f 515/186/421 529/192/435 528/193/434 
f 529/192/435 515/186/421 516/185/422 
f 516/185/422 530/185/436 529/192/435 
f 530/185/436 516/185/422 517/192/423 
f 517/192/423 378/117/284 530/185/436 
f 518/193/424 531/186/437 352/117/258 
f 531/186/437 519/194/425 532/187/438 
f 519/194/425 531/186/437 518/193/424 
f 532/187/438 520/195/426 533/188/439 
f 520/195/426 532/187/438 519/194/425 
f 533/188/439 521/196/427 534/189/440 
f 521/196/427 533/188/439 520/195/426 
f 534/189/440 522/197/428 535/190/441 
f 522/197/428 534/189/440 521/196/427 
f 535/190/441 523/198/429 536/191/442 
f 523/198/429 535/190/441 522/197/428 
f 536/191/442 524/197/430 537/190/443 
f 524/197/430 536/191/442 523/198/429 
f 537/190/443 525/196/431 538/189/444 
f 525/196/431 537/190/443 524/197/430 
f 538/189/444 526/195/432 539/188/445 
f 526/195/432 538/189/444 525/196/431 
f 539/188/445 527/194/433 540/187/446 
f 527/194/433 539/188/445 526/195/432 
f 527/194/433 541/186/447 540/187/446 
f 541/186/447 527/194/433 528/193/434 
f 528/193/434 542/185/448 541/186/447 
f 542/185/448 528/193/434 529/192/435 
f 529/192/435 543/178/449 542/185/448 
f 543/178/449 529/192/435 530/185/436 
f 378/117/284 543/178/449 530/185/436 
f 352/117/258 531/186/437 544/179/450 
f 544/179/450 532/187/438 545/180/451 
f 532/187/438 544/179/450 531/186/437 
f 545/180/451 533/188/439 546/181/452 
f 533/188/439 545/180/451 532/187/438 
f 546/181/452 534/189/440 547/182/453 
f 534/189/440 546/181/452 533/188/439 
f 547/182/453 535/190/441 548/183/454 
f 535/190/441 547/182/453 534/189/440 
f 548/183/454 536/191/442 549/184/455 
f 536/191/442 548/183/454 535/190/441 
f 549/184/455 537/190/443 550/183/456 
f 537/190/443 549/184/455 536/191/442 
f 550/183/456 538/189/444 551/182/457 
f 538/189/444 550/183/456 537/190/443 
f 551/182/457 539/188/445 552/181/458 
f 539/188/445 551/182/457 538/189/444 
f 552/181/458 540/187/446 553/180/459 
f 540/187/446 552/181/458 539/188/445 
f 540/187/446 554/179/460 553/180/459 
f 554/179/460 540/187/446 541/186/447 
f 541/186/447 555/178/461 554/179/460 
f 555/178/461 541/186/447 542/185/448 
f 542/185/448 556/170/462 555/178/461 
f 556/170/462 542/185/448 543/178/449 
f 378/117/284 556/170/462 543/178/449 
f 352/117/258 544/179/450 557/171/463 
f 557/171/463 545/180/451 558/172/464 
f 545/180/451 557/171/463 544/179/450 
f 558/172/464 546/181/452 559/173/465 
f 546/181/452 558/172/464 545/180/451 
f 559/173/465 547/182/453 560/174/466 
f 547/182/453 559/173/465 546/181/452 
f 560/174/466 548/183/454 561/175/467 
f 548/183/454 560/174/466 547/182/453 
f 561/175/467 549/184/455 562/177/468 
f 549/184/455 561/175/467 548/183/454 
f 562/177/468 550/183/456 563/175/469 
f 550/183/456 562/177/468 549/184/455 
f 563/175/469 551/182/457 564/174/470 
f 551/182/457 563/175/469 550/183/456 
f 564/174/470 552/181/458 565/173/471 
f 552/181/458 564/174/470 551/182/457 
f 565/173/471 553/180/459 566/172/472 
f 553/180/459 565/173/471 552/181/458 
f 553/180/459 567/171/473 566/172/472 
f 567/171/473 553/180/459 554/179/460 
f 554/179/460 568/170/474 567/171/473 
f 568/170/474 554/179/460 555/178/461 
f 555/178/461 569/164/475 568/170/474 
f 569/164/475 555/178/461 556/170/462 
f 378/117/284 569/164/475 556/170/462 
f 352/117/258 557/171/463 570/165/476 
f 570/165/476 558/172/464 571/166/477 
f 558/172/464 570/165/476 557/171/463 
f 571/166/477 559/173/465 572/167/478 
f 559/173/465 571/166/477 558/172/464 
f 572/167/478 560/174/466 573/168/479 
f 560/174/466 572/167/478 559/173/465 
f 560/174/466 574/169/480 573/168/479 
f 574/169/480 560/174/466 561/175/467 
f 561/175/467 575/176/481 574/169/480 
f 575/176/481 561/175/467 562/177/468 
f 562/177/468 576/169/482 575/176/481 
f 576/169/482 562/177/468 563/175/469 
f 576/169/482 564/174/470 577/168/483 
f 564/174/470 576/169/482 563/175/469 
f 577/168/483 565/173/471 578/167/484 
f 565/173/471 577/168/483 564/174/470 
f 578/167/484 566/172/472 579/166/485 
f 566/172/472 578/167/484 565/173/471 
f 566/172/472 580/165/486 579/166/485 
f 580/165/486 566/172/472 567/171/473 
f 567/171/473 581/164/487 580/165/486 
f 581/164/487 567/171/473 568/170/474 
f 568/170/474 582/158/488 581/164/487 
f 582/158/488 568/170/474 569/164/475 
f 378/117/284 582/158/488 569/164/475 
f 352/117/258 570/165/476 583/159/489 
f 583/159/489 571/166/477 584/160/490 
f 571/166/477 583/159/489 570/165/476 
f 584/160/490 572/167/478 585/161/491 
f 572/167/478 584/160/490 571/166/477 
f 585/161/491 573/168/479 586/162/492 
f 573/168/479 585/161/491 572/167/478 
f 573/168/479 587/163/493 586/162/492 
f 587/163/493 573/168/479 574/169/480 
f 574/169/480 588/199/494 587/163/493 
f 588/199/494 574/169/480 575/176/481 
f 575/176/481 589/163/495 588/199/494 
f 589/163/495 575/176/481 576/169/482 
f 589/163/495 577/168/483 590/162/496 
f 577/168/483 589/163/495 576/169/482 
f 590/162/496 578/167/484 591/161/497 
f 578/167/484 590/162/496 577/168/483 
f 591/161/497 579/166/485 592/160/498 
f 579/166/485 591/161/497 578/167/484 
f 579/166/485 593/159/499 592/160/498 
f 593/159/499 579/166/485 580/165/486 
f 580/165/486 594/158/500 593/159/499 
f 594/158/500 580/165/486 581/164/487 
f 581/164/487 595/116/501 594/158/500 
f 595/116/501 581/164/487 582/158/488 
f 378/117/284 595/116/501 582/158/488 
f 352/117/258 583/159/489 596/116/502 
f 596/116/502 584/160/490 597/116/503 
f 584/160/490 596/116/502 583/159/489 
f 597/116/503 585/161/491 598/116/504 
f 585/161/491 597/116/503 584/160/490 
f 598/116/504 586/162/492 599/116/505 
f 586/162/492 598/116/504 585/161/491 
f 586/162/492 600/116/506 599/116/505 
f 600/116/506 586/162/492 587/163/493 
f 587/163/493 601/116/507 600/116/506 
f 601/116/507 587/163/493 588/199/494 
f 588/199/494 602/116/508 601/116/507 
f 602/116/508 588/199/494 589/163/495 
f 589/163/495 603/116/509 602/116/508 
f 603/116/509 589/163/495 590/162/496 
f 590/162/496 604/116/510 603/116/509 
f 604/116/510 590/162/496 591/161/497 
f 604/116/510 592/160/498 605/116/511 
f 592/160/498 604/116/510 591/161/497 
f 592/160/498 606/116/512 605/116/511 
f 606/116/512 592/160/498 593/159/499 
f 593/159/499 607/116/513 606/116/512 
f 607/116/513 593/159/499 594/158/500 
f 594/158/500 608/152/514 607/116/513 
f 608/152/514 594/158/500 595/116/501 
f 378/117/284 608/152/514 595/116/501 
f 352/117/258 596/116/502 609/153/515 
f 610/154/516 596/116/502 597/116/503 
f 596/116/502 610/154/516 609/153/515 
f 611/155/517 597/116/503 598/116/504 
f 597/116/503 611/155/517 610/154/516 
f 612/156/518 598/116/504 599/116/505 
f 598/116/504 612/156/518 611/155/517 
f 612/156/518 600/116/506 613/157/519 
f 600/116/506 612/156/518 599/116/505 
f 613/157/519 601/116/507 614/200/520 
f 601/116/507 613/157/519 600/116/506 
f 614/200/520 602/116/508 615/157/521 
f 602/116/508 614/200/520 601/116/507 
f 602/116/508 616/156/522 615/157/521 
f 616/156/522 602/116/508 603/116/509 
f 603/116/509 617/155/523 616/156/522 
f 617/155/523 603/116/509 604/116/510 
f 604/116/510 618/154/524 617/155/523 
f 618/154/524 604/116/510 605/116/511 
f 606/116/512 618/154/524 605/116/511 
f 618/154/524 606/116/512 619/153/525 
f 607/116/513 619/153/525 606/116/512 
f 619/153/525 607/116/513 620/152/526 
f 608/152/514 620/152/526 607/116/513 
f 620/152/526 608/152/514 621/145/527 
f 378/117/284 621/145/527 608/152/514 
f 352/117/258 609/153/515 622/146/528 
f 623/147/529 609/153/515 610/154/516 
f 609/153/515 623/147/529 622/146/528 
f 624/148/530 610/154/516 611/155/517 
f 610/154/516 624/148/530 623/147/529 
f 625/149/531 611/155/517 612/156/518 
f 611/155/517 625/149/531 624/148/530 
f 625/149/531 613/157/519 626/150/532 
f 613/157/519 625/149/531 612/156/518 
f 626/150/532 614/200/520 627/151/533 
f 614/200/520 626/150/532 613/157/519 
f 627/151/533 615/157/521 628/150/534 
f 615/157/521 627/151/533 614/200/520 
f 615/157/521 629/149/535 628/150/534 
f 629/149/535 615/157/521 616/156/522 
f 616/156/522 630/148/536 629/149/535 
f 630/148/536 616/156/522 617/155/523 
f 617/155/523 631/147/537 630/148/536 
f 631/147/537 617/155/523 618/154/524 
f 619/153/525 631/147/537 618/154/524 
f 631/147/537 619/153/525 632/146/538 
f 620/152/526 632/146/538 619/153/525 
f 632/146/538 620/152/526 633/145/539 
f 621/145/527 633/145/539 620/152/526 
f 633/145/539 621/145/527 634/138/540 
f 378/117/284 634/138/540 621/145/527 
f 352/117/258 622/146/528 635/139/541 
f 636/140/542 622/146/528 623/147/529 
f 622/146/528 636/140/542 635/139/541 
f 637/141/543 623/147/529 624/148/530 
f 623/147/529 637/141/543 636/140/542 
f 638/142/544 624/148/530 625/149/531 
f 624/148/530 638/142/544 637/141/543 
f 638/142/544 626/150/532 639/143/545 
f 626/150/532 638/142/544 625/149/531 
f 639/143/545 627/151/533 640/144/546 
f 627/151/533 639/143/545 626/150/532 
f 640/144/546 628/150/534 641/143/547 
f 628/150/534 640/144/546 627/151/533 
f 628/150/534 642/142/548 641/143/547 
f 642/142/548 628/150/534 629/149/535 
f 629/149/535 643/141/549 642/142/548 
f 643/141/549 629/149/535 630/148/536 
f 630/148/536 644/140/550 643/141/549 
f 644/140/550 630/148/536 631/147/537 
f 632/146/538 644/140/550 631/147/537 
f 644/140/550 632/146/538 645/139/551 
f 633/145/539 645/139/551 632/146/538 
f 645/139/551 633/145/539 646/138/552 
f 634/138/540 646/138/552 633/145/539 
f 646/138/552 634/138/540 647/131/553 
f 378/117/284 647/131/553 634/138/540 
f 352/117/258 635/139/541 648/132/554 
f 649/133/555 635/139/541 636/140/542 
f 635/139/541 649/133/555 648/132/554 
f 650/134/556 636/140/542 637/141/543 
f 636/140/542 650/134/556 649/133/555 
f 651/135/557 637/141/543 638/142/544 
f 637/141/543 651/135/557 650/134/556 
f 651/135/557 639/143/545 652/136/558 
f 639/143/545 651/135/557 638/142/544 
f 652/136/558 640/144/546 653/137/559 
f 640/144/546 652/136/558 639/143/545 
f 653/137/559 641/143/547 654/136/560 
f 641/143/547 653/137/559 640/144/546 
f 654/136/560 642/142/548 655/135/561 
f 642/142/548 654/136/560 641/143/547 
f 655/135/561 643/141/549 656/134/562 
f 643/141/549 655/135/561 642/142/548 
f 656/134/562 644/140/550 657/133/563 
f 644/140/550 656/134/562 643/141/549 
f 645/139/551 657/133/563 644/140/550 
f 657/133/563 645/139/551 658/132/564 
f 646/138/552 658/132/564 645/139/551 
f 658/132/564 646/138/552 659/131/565 
f 647/131/553 659/131/565 646/138/552 
f 659/131/565 647/131/553 660/199/566 
f 378/117/284 660/199/566 647/131/553 
f 352/117/258 648/132/554 353/118/259 
f 355/120/261 648/132/554 649/133/555 
f 648/132/554 355/120/261 353/118/259 
f 357/122/263 649/133/555 650/134/556 
f 649/133/555 357/122/263 355/120/261 
f 359/124/265 650/134/556 651/135/557 
f 650/134/556 359/124/265 357/122/263 
f 359/124/265 652/136/558 360/125/266 
f 652/136/558 359/124/265 651/135/557 
f 360/125/266 653/137/559 362/127/268 
f 653/137/559 360/125/266 652/136/558 
f 362/127/268 654/136/560 364/129/270 
f 654/136/560 362/127/268 653/137/559 
f 364/129/270 655/135/561 366/127/272 
f 655/135/561 364/129/270 654/136/560 
f 366/127/272 656/134/562 368/125/274 
f 656/134/562 366/127/272 655/135/561 
f 368/125/274 657/133/563 370/122/276 
f 657/133/563 368/125/274 656/134/562 
f 658/132/564 370/122/276 657/133/563 
f 370/122/276 658/132/564 372/120/278 
f 659/131/565 372/120/278 658/132/564 
f 372/120/278 659/131/565 374/118/280 
f 660/199/566 374/118/280 659/131/565 
f 374/118/280 660/199/566 376/130/282 
f 378/117/284 376/130/282 660/199/566 
f 473/167/379 661/116/567 472/169/378 
f 661/116/567 473/167/379 484/177/390 
f 661/116/567 470/168/376 459/161/365 
f 470/168/376 661/116/567 484/177/390 
f 661/116/567 448/116/354 662/116/568 
f 448/116/354 661/116/567 459/161/365 
f 438/155/344 663/200/569 437/156/343 
f 663/200/569 438/155/344 449/116/355 
f 472/169/378 662/116/568 663/200/569 
f 662/116/568 472/169/378 661/116/567 
f 461/160/367 663/200/569 449/116/355 
f 663/200/569 461/160/367 472/169/378 
f 662/116/568 436/157/342 664/102/570 
f 436/157/342 662/116/568 448/116/354 
f 664/102/570 423/151/329 424/150/330 
f 423/151/329 664/102/570 436/157/342 
f 425/149/331 664/102/570 424/150/330 
f 664/102/570 425/149/331 437/156/343 
f 437/156/343 662/116/568 664/102/570 
f 662/116/568 437/156/343 663/200/569 
